1135.5,215.42,0
1135.5,219,49.375
1135.5,224.47,98.75
1135.5,230.96,148.13
1135.5,237.84,197.5
1154.8,214.04,0
1154.8,217.57,49.375
1154.8,222.95,98.75
1154.8,229.32,148.13
1154.8,236.09,197.5
1174.1,212.67,0
1174.1,216.13,49.375
1174.1,221.42,98.75
1174.1,227.68,148.13
1174.1,234.33,197.5
1193.5,211.29,0
1193.5,214.7,49.375
1193.5,219.89,98.75
1193.5,226.04,148.13
1193.5,232.58,197.5
1212.8,209.92,0
1212.8,213.26,49.375
1212.8,218.36,98.75
1212.8,224.41,148.13
1212.8,230.82,197.5
1232.1,208.54,0
1232.1,211.82,49.375
1232.1,216.84,98.75
1232.1,222.77,148.13
1232.1,229.06,197.5
1251.4,207.16,0
1251.4,210.39,49.375
1251.4,215.31,98.75
1251.4,221.13,148.13
1251.4,227.31,197.5
1270.7,205.79,0
1270.7,208.95,49.375
1270.7,213.78,98.75
1270.7,219.49,148.13
1270.7,225.55,197.5
1290,204.41,0
1290,207.52,49.375
1290,212.25,98.75
1290,217.86,148.13
1290,223.8,197.5
1309.4,203.03,0
1309.4,206.08,49.375
1309.4,210.73,98.75
1309.4,216.22,148.13
1309.4,222.04,197.5
1328.7,201.66,0
1328.7,204.65,49.375
1328.7,209.2,98.75
1328.7,214.58,148.13
1328.7,220.29,197.5
1348,200.28,0
1348,203.21,49.375
1348,207.67,98.75
1348,212.94,148.13
1348,218.53,197.5
1367.3,198.9,0
1367.3,201.77,49.375
1367.3,206.14,98.75
1367.3,211.31,148.13
1367.3,216.77,197.5
1386.6,197.53,0
1386.6,200.34,49.375
1386.6,204.62,98.75
1386.6,209.67,148.13
1386.6,215.02,197.5
1406,196.15,0
1406,198.9,49.375
1406,203.09,98.75
1406,208.03,148.13
1406,213.26,197.5
1425.3,194.77,0
1425.3,197.47,49.375
1425.3,201.56,98.75
1425.3,206.39,148.13
1425.3,211.51,197.5
1444.6,193.4,0
1444.6,196.03,49.375
1444.6,200.03,98.75
1444.6,204.76,148.13
1444.6,209.75,197.5
1463.9,192.02,0
1463.9,194.59,49.375
1463.9,198.51,98.75
1463.9,203.12,148.13
1463.9,208,197.5
1483.2,190.64,0
1483.2,193.16,49.375
1483.2,196.98,98.75
1483.2,201.48,148.13
1483.2,206.24,197.5
1502.5,189.27,0
1502.5,191.72,49.375
1502.5,195.45,98.75
1502.5,199.85,148.13
1502.5,204.49,197.5
1521.9,187.89,0
1521.9,190.29,49.375
1521.9,193.92,98.75
1521.9,198.21,148.13
1521.9,202.73,197.5
1541.2,186.51,0
1541.2,188.85,49.375
1541.2,192.4,98.75
1541.2,196.57,148.13
1541.2,200.97,197.5
1560.5,185.14,0
1560.5,187.42,49.375
1560.5,190.87,98.75
1560.5,194.93,148.13
1560.5,199.22,197.5
1579.8,183.76,0
1579.8,185.98,49.375
1579.8,189.34,98.75
1579.8,193.3,148.13
1579.8,197.46,197.5
1599.1,182.33,0
1599.1,184.5,49.375
1599.1,187.79,98.75
1599.1,191.65,148.13
1599.1,195.71,197.5
1618.5,180.85,0
1618.5,182.98,49.375
1618.5,186.2,98.75
1618.5,189.98,148.13
1618.5,193.95,197.5
1637.8,179.38,0
1637.8,181.46,49.375
1637.8,184.61,98.75
1637.8,188.31,148.13
1637.8,192.2,197.5
1657.1,177.91,0
1657.1,179.94,49.375
1657.1,183.03,98.75
1657.1,186.64,148.13
1657.1,190.45,197.5
1676.4,176.43,0
1676.4,178.42,49.375
1676.4,181.44,98.75
1676.4,184.97,148.13
1676.4,188.69,197.5
1695.7,174.96,0
1695.7,176.91,49.375
1695.7,179.85,98.75
1695.7,183.3,148.13
1695.7,186.94,197.5
1715,173.49,0
1715,175.39,49.375
1715,178.26,98.75
1715,181.63,148.13
1715,185.19,197.5
1734.4,172.01,0
1734.4,173.87,49.375
1734.4,176.67,98.75
1734.4,179.97,148.13
1734.4,183.43,197.5
1753.7,170.54,0
1753.7,172.35,49.375
1753.7,175.08,98.75
1753.7,178.3,148.13
1753.7,181.68,197.5
1773,169.06,0
1773,170.83,49.375
1773,173.5,98.75
1773,176.63,148.13
1773,179.92,197.5
1792.3,167.59,0
1792.3,169.31,49.375
1792.3,171.91,98.75
1792.3,174.96,148.13
1792.3,178.17,197.5
1811.6,166.12,0
1811.6,167.79,49.375
1811.6,170.32,98.75
1811.6,173.29,148.13
1811.6,176.42,197.5
1831,164.64,0
1831,166.27,49.375
1831,168.73,98.75
1831,171.62,148.13
1831,174.66,197.5
1850.3,163.17,0
1850.3,164.75,49.375
1850.3,167.14,98.75
1850.3,169.95,148.13
1850.3,172.91,197.5
1869.6,161.7,0
1869.6,163.23,49.375
1869.6,165.55,98.75
1869.6,168.28,148.13
1869.6,171.16,197.5
1888.9,160.22,0
1888.9,161.71,49.375
1888.9,163.97,98.75
1888.9,166.61,148.13
1888.9,169.4,197.5
1908.2,158.75,0
1908.2,160.19,49.375
1908.2,162.38,98.75
1908.2,164.94,148.13
1908.2,167.65,197.5
1927.5,157.28,0
1927.5,158.67,49.375
1927.5,160.79,98.75
1927.5,163.27,148.13
1927.5,165.9,197.5
1946.9,155.8,0
1946.9,157.16,49.375
1946.9,159.2,98.75
1946.9,161.6,148.13
1946.9,164.14,197.5
1966.2,154.33,0
1966.2,155.64,49.375
1966.2,157.61,98.75
1966.2,159.94,148.13
1966.2,162.39,197.5
1985.5,152.73,0
1985.5,154.01,49.375
1985.5,155.94,98.75
1985.5,158.2,148.13
1985.5,160.59,197.5
2004.8,151.09,0
2004.8,152.34,49.375
2004.8,154.21,98.75
2004.8,156.42,148.13
2004.8,158.74,197.5
2024.1,149.45,0
2024.1,150.67,49.375
2024.1,152.49,98.75
2024.1,154.63,148.13
2024.1,156.89,197.5
2043.5,147.82,0
2043.5,148.99,49.375
2043.5,150.77,98.75
2043.5,152.84,148.13
2043.5,155.04,197.5
2062.8,146.18,0
2062.8,147.32,49.375
2062.8,149.04,98.75
2062.8,151.06,148.13
2062.8,153.18,197.5
2082.1,144.55,0
2082.1,145.65,49.375
2082.1,147.32,98.75
2082.1,149.27,148.13
2082.1,151.33,197.5
2101.4,142.91,0
2101.4,143.98,49.375
2101.4,145.59,98.75
2101.4,147.48,148.13
2101.4,149.48,197.5
2120.7,141.28,0
2120.7,142.31,49.375
2120.7,143.87,98.75
2120.7,145.7,148.13
2120.7,147.62,197.5
2140,139.64,0
2140,140.64,49.375
2140,142.15,98.75
2140,143.91,148.13
2140,145.77,197.5
2159.4,138.01,0
2159.4,138.97,49.375
2159.4,140.42,98.75
2159.4,142.12,148.13
2159.4,143.92,197.5
2178.7,136.37,0
2178.7,137.3,49.375
2178.7,138.7,98.75
2178.7,140.34,148.13
2178.7,142.07,197.5
2198,134.74,0
2198,135.63,49.375
2198,136.97,98.75
2198,138.55,148.13
2198,140.21,197.5
2217.3,133.1,0
2217.3,133.96,49.375
2217.3,135.25,98.75
2217.3,136.76,148.13
2217.3,138.36,197.5
2236.6,131.46,0
2236.6,132.29,49.375
2236.6,133.53,98.75
2236.6,134.98,148.13
2236.6,136.51,197.5
2256,129.83,0
2256,130.62,49.375
2256,131.8,98.75
2256,133.19,148.13
2256,134.66,197.5
2275.3,128.19,0
2275.3,128.95,49.375
2275.3,130.08,98.75
2275.3,131.4,148.13
2275.3,132.8,197.5
2294.6,126.48,0
2294.6,127.2,49.375
2294.6,128.29,98.75
2294.6,129.56,148.13
2294.6,130.9,197.5
2313.9,124.59,0
2313.9,125.29,49.375
2313.9,126.33,98.75
2313.9,127.55,148.13
2313.9,128.84,197.5
2333.2,122.7,0
2333.2,123.37,49.375
2333.2,124.38,98.75
2333.2,125.55,148.13
2333.2,126.79,197.5
2352.5,120.81,0
2352.5,121.46,49.375
2352.5,122.42,98.75
2352.5,123.55,148.13
2352.5,124.73,197.5
2371.9,118.92,0
2371.9,119.54,49.375
2371.9,120.46,98.75
2371.9,121.54,148.13
2371.9,122.68,197.5
2391.2,117.03,0
2391.2,117.62,49.375
2391.2,118.51,98.75
2391.2,119.54,148.13
2391.2,120.62,197.5
2410.5,115.14,0
2410.5,115.71,49.375
2410.5,116.55,98.75
2410.5,117.54,148.13
2410.5,118.57,197.5
2429.8,113.25,0
2429.8,113.79,49.375
2429.8,114.6,98.75
2429.8,115.53,148.13
2429.8,116.51,197.5
2449.1,111.36,0
2449.1,111.87,49.375
2449.1,112.64,98.75
2449.1,113.53,148.13
2449.1,114.46,197.5
2468.5,109.47,0
2468.5,109.96,49.375
2468.5,110.68,98.75
2468.5,111.53,148.13
2468.5,112.4,197.5
2487.8,107.58,0
2487.8,108.04,49.375
2487.8,108.73,98.75
2487.8,109.52,148.13
2487.8,110.35,197.5
2507.1,105.69,0
2507.1,106.13,49.375
2507.1,106.77,98.75
2507.1,107.52,148.13
2507.1,108.3,197.5
2526.4,103.8,0
2526.4,104.21,49.375
2526.4,104.81,98.75
2526.4,105.51,148.13
2526.4,106.24,197.5
2545.7,101.91,0
2545.7,102.29,49.375
2545.7,102.86,98.75
2545.7,103.47,148.13
2545.7,104.11,197.5
2565,99.699,0
2565,100.04,49.375
2565,100.54,98.75
2565,101.13,148.13
2565,101.74,197.5
2584.4,97.431,0
2584.4,97.751,49.375
2584.4,98.229,98.75
2584.4,98.783,148.13
2584.4,99.358,197.5
2603.7,95.163,0
2603.7,95.465,49.375
2603.7,95.915,98.75
2603.7,96.438,148.13
2603.7,96.98,197.5
2623,92.895,0
2623,93.179,49.375
2623,93.602,98.75
2623,94.093,148.13
2623,94.602,197.5
2642.3,90.627,0
2642.3,90.893,49.375
2642.3,91.289,98.75
2642.3,91.748,148.13
2642.3,92.224,197.5
2661.6,88.359,0
2661.6,88.607,49.375
2661.6,88.976,98.75
2661.6,89.403,148.13
2661.6,89.846,197.5
2681,86.091,0
2681,86.321,49.375
2681,86.663,98.75
2681,87.058,148.13
2681,87.468,197.5
2700.3,83.823,0
2700.3,84.035,49.375
2700.3,84.349,98.75
2700.3,84.714,148.13
2700.3,85.09,197.5
2719.6,81.555,0
2719.6,81.749,49.375
2719.6,82.036,98.75
2719.6,82.369,148.13
2719.6,82.713,197.5
2738.9,79.026,0
2738.9,79.19,49.375
2738.9,79.434,98.75
2738.9,79.717,148.13
2738.9,80.009,197.5
2758.2,76.173,0
2758.2,76.324,49.375
2758.2,76.549,98.75
2758.2,76.808,148.13
2758.2,77.077,197.5
2777.5,73.32,0
2777.5,73.458,49.375
2777.5,73.663,98.75
2777.5,73.9,148.13
2777.5,74.145,197.5
2796.9,70.467,0
2796.9,70.592,49.375
2796.9,70.777,98.75
2796.9,70.991,148.13
2796.9,71.213,197.5
2816.2,67.614,0
2816.2,67.726,49.375
2816.2,67.891,98.75
2816.2,68.083,148.13
2816.2,68.281,197.5
2835.5,64.761,0
2835.5,64.859,49.375
2835.5,65.005,98.75
2835.5,65.174,148.13
2835.5,65.349,197.5
2854.8,61.908,0
2854.8,61.993,49.375
2854.8,62.12,98.75
2854.8,62.266,148.13
2854.8,62.417,197.5
2874.1,58.834,0
2874.1,58.899,49.375
2874.1,58.996,98.75
2874.1,59.107,148.13
2874.1,59.223,197.5
2893.5,54.903,0
2893.5,54.96,49.375
2893.5,55.043,98.75
2893.5,55.14,148.13
2893.5,55.24,197.5
2912.8,50.973,0
2912.8,51.02,49.375
2912.8,51.091,98.75
2912.8,51.172,148.13
2912.8,51.257,197.5
2932.1,47.042,0
2932.1,47.081,49.375
2932.1,47.138,98.75
2932.1,47.204,148.13
2932.1,47.273,197.5
2951.4,43.112,0
2951.4,43.142,49.375
2951.4,43.186,98.75
2951.4,43.237,148.13
2951.4,43.29,197.5
2970.7,38.986,0
2970.7,39.003,49.375
2970.7,39.029,98.75
2970.7,39.059,148.13
2970.7,39.09,197.5
2990,32.506,0
2990,32.518,49.375
2990,32.537,98.75
2990,32.558,148.13
2990,32.581,197.5
3009.4,26.026,0
3009.4,26.033,49.375
3009.4,26.044,98.75
3009.4,26.057,148.13
3009.4,26.071,197.5
3028.7,19.474,0
3028.7,19.476,49.375
3028.7,19.479,98.75
3028.7,19.483,148.13
3028.7,19.487,197.5
3048,0,0
3048,0,49.375
3048,0,98.75
3048,0,148.13
3048,0,197.5
