209.35,87.611,0
209.35,87.89,43
209.35,88.253,86
209.35,88.622,129
209.35,88.93,172
212.99,87.093,0
212.99,87.367,43
212.99,87.725,86
212.99,88.089,129
212.99,88.392,172
216.64,86.575,0
216.64,86.845,43
216.64,87.197,86
216.64,87.555,129
216.64,87.855,172
220.28,86.056,0
220.28,86.323,43
220.28,86.67,86
220.28,87.022,129
220.28,87.317,172
223.92,85.538,0
223.92,85.8,43
223.92,86.142,86
223.92,86.489,129
223.92,86.78,172
227.57,85.02,0
227.57,85.278,43
227.57,85.614,86
227.57,85.956,129
227.57,86.242,172
231.21,84.501,0
231.21,84.756,43
231.21,85.087,86
231.21,85.423,129
231.21,85.705,172
234.85,83.983,0
234.85,84.233,43
234.85,84.559,86
234.85,84.89,129
234.85,85.167,172
238.49,83.465,0
238.49,83.711,43
238.49,84.031,86
238.49,84.357,129
238.49,84.63,172
242.14,82.947,0
242.14,83.188,43
242.14,83.504,86
242.14,83.824,129
242.14,84.092,172
245.78,82.428,0
245.78,82.666,43
245.78,82.976,86
245.78,83.291,129
245.78,83.554,172
249.42,81.91,0
249.42,82.144,43
249.42,82.448,86
249.42,82.758,129
249.42,83.017,172
253.07,81.392,0
253.07,81.621,43
253.07,81.921,86
253.07,82.225,129
253.07,82.479,172
256.71,80.873,0
256.71,81.099,43
256.71,81.393,86
256.71,81.692,129
256.71,81.942,172
260.35,80.355,0
260.35,80.577,43
260.35,80.865,86
260.35,81.159,129
260.35,81.404,172
264,79.837,0
264,80.054,43
264,80.338,86
264,80.626,129
264,80.867,172
267.64,79.318,0
267.64,79.532,43
267.64,79.81,86
267.64,80.093,129
267.64,80.329,172
271.28,78.8,0
271.28,79.009,43
271.28,79.282,86
271.28,79.56,129
271.28,79.791,172
274.92,78.282,0
274.92,78.487,43
274.92,78.755,86
274.92,79.026,129
274.92,79.254,172
278.57,77.763,0
278.57,77.965,43
278.57,78.227,86
278.57,78.493,129
278.57,78.716,172
282.21,77.245,0
282.21,77.442,43
282.21,77.699,86
282.21,77.96,129
282.21,78.179,172
285.85,76.727,0
285.85,76.92,43
285.85,77.172,86
285.85,77.427,129
285.85,77.641,172
289.5,76.208,0
289.5,76.398,43
289.5,76.644,86
289.5,76.894,129
289.5,77.104,172
293.14,75.69,0
293.14,75.875,43
293.14,76.116,86
293.14,76.361,129
293.14,76.566,172
296.78,75.172,0
296.78,75.353,43
296.78,75.589,86
296.78,75.828,129
296.78,76.029,172
300.42,74.653,0
300.42,74.831,43
300.42,75.061,86
300.42,75.295,129
300.42,75.491,172
304.07,74.135,0
304.07,74.308,43
304.07,74.533,86
304.07,74.762,129
304.07,74.953,172
307.71,73.617,0
307.71,73.786,43
307.71,74.006,86
307.71,74.229,129
307.71,74.416,172
311.35,73.099,0
311.35,73.263,43
311.35,73.478,86
311.35,73.696,129
311.35,73.878,172
315,72.58,0
315,72.741,43
315,72.95,86
315,73.163,129
315,73.341,172
318.64,72.062,0
318.64,72.219,43
318.64,72.423,86
318.64,72.63,129
318.64,72.803,172
322.28,71.544,0
322.28,71.696,43
322.28,71.895,86
322.28,72.097,129
322.28,72.266,172
325.92,71.025,0
325.92,71.174,43
325.92,71.367,86
325.92,71.564,129
325.92,71.728,172
329.57,70.507,0
329.57,70.652,43
329.57,70.84,86
329.57,71.031,129
329.57,71.19,172
333.21,69.989,0
333.21,70.129,43
333.21,70.312,86
333.21,70.498,129
333.21,70.653,172
336.85,69.445,0
336.85,69.587,43
336.85,69.77,86
336.85,69.956,129
336.85,70.112,172
340.5,68.809,0
340.5,68.947,43
340.5,69.126,86
340.5,69.308,129
340.5,69.46,172
344.14,68.173,0
344.14,68.307,43
344.14,68.483,86
344.14,68.66,129
344.14,68.809,172
347.78,67.536,0
347.78,67.668,43
347.78,67.839,86
347.78,68.012,129
347.78,68.158,172
351.43,66.9,0
351.43,67.028,43
351.43,67.195,86
351.43,67.365,129
351.43,67.506,172
355.07,66.263,0
355.07,66.388,43
355.07,66.551,86
355.07,66.717,129
355.07,66.855,172
358.71,65.627,0
358.71,65.749,43
358.71,65.908,86
358.71,66.069,129
358.71,66.204,172
362.35,64.99,0
362.35,65.109,43
362.35,65.264,86
362.35,65.421,129
362.35,65.552,172
366,64.354,0
366,64.47,43
366,64.62,86
366,64.773,129
366,64.901,172
369.64,63.717,0
369.64,63.83,43
369.64,63.977,86
369.64,64.125,129
369.64,64.25,172
373.28,63.081,0
373.28,63.19,43
373.28,63.333,86
373.28,63.477,129
373.28,63.598,172
376.93,62.444,0
376.93,62.551,43
376.93,62.689,86
376.93,62.829,129
376.93,62.947,172
380.57,61.808,0
380.57,61.911,43
380.57,62.045,86
380.57,62.181,129
380.57,62.295,172
384.21,61.171,0
384.21,61.271,43
384.21,61.402,86
384.21,61.534,129
384.21,61.644,172
387.85,60.535,0
387.85,60.632,43
387.85,60.758,86
387.85,60.886,129
387.85,60.993,172
391.5,59.899,0
391.5,59.992,43
391.5,60.114,86
391.5,60.238,129
391.5,60.341,172
395.14,59.262,0
395.14,59.353,43
395.14,59.47,86
395.14,59.59,129
395.14,59.69,172
398.78,58.626,0
398.78,58.713,43
398.78,58.827,86
398.78,58.942,129
398.78,59.039,172
402.43,57.989,0
402.43,58.073,43
402.43,58.183,86
402.43,58.294,129
402.43,58.387,172
406.07,57.353,0
406.07,57.434,43
406.07,57.539,86
406.07,57.646,129
406.07,57.736,172
409.71,56.716,0
409.71,56.794,43
409.71,56.895,86
409.71,56.998,129
409.71,57.085,172
413.35,56.08,0
413.35,56.155,43
413.35,56.252,86
413.35,56.35,129
413.35,56.433,172
417,55.443,0
417,55.515,43
417,55.608,86
417,55.703,129
417,55.782,172
420.64,54.807,0
420.64,54.875,43
420.64,54.964,86
420.64,55.055,129
420.64,55.131,172
424.28,54.17,0
424.28,54.236,43
424.28,54.321,86
424.28,54.407,129
424.28,54.479,172
427.93,53.534,0
427.93,53.596,43
427.93,53.677,86
427.93,53.759,129
427.93,53.828,172
431.57,52.898,0
431.57,52.956,43
431.57,53.033,86
431.57,53.111,129
431.57,53.176,172
435.21,52.215,0
435.21,52.278,43
435.21,52.359,86
435.21,52.442,129
435.21,52.512,172
438.86,51.367,0
438.86,51.427,43
438.86,51.506,86
438.86,51.585,129
438.86,51.652,172
442.5,50.518,0
442.5,50.576,43
442.5,50.652,86
442.5,50.728,129
442.5,50.792,172
446.14,49.67,0
446.14,49.726,43
446.14,49.798,86
446.14,49.871,129
446.14,49.933,172
449.78,48.822,0
449.78,48.875,43
449.78,48.944,86
449.78,49.014,129
449.78,49.073,172
453.43,47.974,0
453.43,48.024,43
453.43,48.09,86
453.43,48.157,129
453.43,48.214,172
457.07,47.125,0
457.07,47.174,43
457.07,47.237,86
457.07,47.3,129
457.07,47.354,172
460.71,46.277,0
460.71,46.323,43
460.71,46.383,86
460.71,46.443,129
460.71,46.494,172
464.36,45.429,0
464.36,45.473,43
464.36,45.529,86
464.36,45.586,129
464.36,45.635,172
468,44.581,0
468,44.622,43
468,44.675,86
468,44.729,129
468,44.775,172
471.64,43.733,0
471.64,43.771,43
471.64,43.821,86
471.64,43.872,129
471.64,43.915,172
475.28,42.884,0
475.28,42.921,43
475.28,42.968,86
475.28,43.016,129
475.28,43.056,172
478.93,42.036,0
478.93,42.07,43
478.93,42.114,86
478.93,42.159,129
478.93,42.196,172
482.57,41.188,0
482.57,41.219,43
482.57,41.26,86
482.57,41.302,129
482.57,41.336,172
486.21,40.34,0
486.21,40.369,43
486.21,40.406,86
486.21,40.445,129
486.21,40.477,172
489.86,39.491,0
489.86,39.518,43
489.86,39.553,86
489.86,39.588,129
489.86,39.617,172
493.5,38.643,0
493.5,38.667,43
493.5,38.699,86
493.5,38.731,129
493.5,38.758,172
497.14,37.795,0
497.14,37.817,43
497.14,37.845,86
497.14,37.874,129
497.14,37.898,172
500.78,36.947,0
500.78,36.966,43
500.78,36.991,86
500.78,37.017,129
500.78,37.038,172
504.43,36.099,0
504.43,36.115,43
504.43,36.137,86
504.43,36.16,129
504.43,36.179,172
508.07,34.929,0
508.07,34.951,43
508.07,34.979,86
508.07,35.007,129
508.07,35.031,172
511.71,33.616,0
511.71,33.636,43
511.71,33.662,86
511.71,33.688,129
511.71,33.71,172
515.36,32.303,0
515.36,32.321,43
515.36,32.345,86
515.36,32.369,129
515.36,32.389,172
519,30.989,0
519,31.006,43
519,31.028,86
519,31.05,129
519,31.068,172
522.64,29.676,0
522.64,29.691,43
522.64,29.711,86
522.64,29.731,129
522.64,29.748,172
526.29,28.362,0
526.29,28.376,43
526.29,28.394,86
526.29,28.412,129
526.29,28.427,172
529.93,27.049,0
529.93,27.061,43
529.93,27.077,86
529.93,27.093,129
529.93,27.106,172
533.57,25.735,0
533.57,25.746,43
533.57,25.76,86
533.57,25.773,129
533.57,25.785,172
537.21,24.422,0
537.21,24.431,43
537.21,24.442,86
537.21,24.454,129
537.21,24.464,172
540.86,23.108,0
540.86,23.116,43
540.86,23.125,86
540.86,23.135,129
540.86,23.143,172
544.5,21.795,0
544.5,21.801,43
544.5,21.808,86
544.5,21.816,129
544.5,21.822,172
548.14,20.482,0
548.14,20.486,43
548.14,20.491,86
548.14,20.497,129
548.14,20.501,172
551.79,18.882,0
551.79,18.885,43
551.79,18.888,86
551.79,18.891,129
551.79,18.894,172
555.43,16.848,0
555.43,16.85,43
555.43,16.852,86
555.43,16.855,129
555.43,16.857,172
559.07,14.553,0
559.07,14.554,43
559.07,14.556,86
559.07,14.558,129
559.07,14.559,172
562.71,11.943,0
562.71,11.944,43
562.71,11.945,86
562.71,11.946,129
562.71,11.946,172
566.36,8.3562,0
566.36,8.3565,43
566.36,8.3568,86
566.36,8.3571,129
566.36,8.3574,172
570,0,0
570,0,43
570,0,86
570,0,129
570,0,172
