815.63,200.37,0
815.63,202.52,49.375
815.63,205.78,98.75
815.63,209.62,148.12
815.63,213.68,197.5
832.64,199.11,0
832.64,201.23,49.375
832.64,204.43,98.75
832.64,208.21,148.12
832.64,212.2,197.5
849.65,197.85,0
849.65,199.94,49.375
849.65,203.09,98.75
849.65,206.8,148.12
849.65,210.72,197.5
866.67,196.59,0
866.67,198.64,49.375
866.67,201.74,98.75
866.67,205.39,148.12
866.67,209.24,197.5
883.68,195.34,0
883.68,197.35,49.375
883.68,200.39,98.75
883.68,203.98,148.12
883.68,207.76,197.5
900.7,194.08,0
900.7,196.06,49.375
900.7,199.05,98.75
900.7,202.57,148.12
900.7,206.29,197.5
917.71,192.82,0
917.71,194.77,49.375
917.71,197.7,98.75
917.71,201.16,148.12
917.71,204.81,197.5
934.72,191.57,0
934.72,193.48,49.375
934.72,196.36,98.75
934.72,199.75,148.12
934.72,203.33,197.5
951.74,190.31,0
951.74,192.18,49.375
951.74,195.01,98.75
951.74,198.34,148.12
951.74,201.85,197.5
968.75,189.05,0
968.75,190.89,49.375
968.75,193.66,98.75
968.75,196.93,148.12
968.75,200.38,197.5
985.76,187.79,0
985.76,189.6,49.375
985.76,192.32,98.75
985.76,195.52,148.12
985.76,198.9,197.5
1002.8,186.54,0
1002.8,188.31,49.375
1002.8,190.97,98.75
1002.8,194.11,148.12
1002.8,197.42,197.5
1019.8,185.28,0
1019.8,187.01,49.375
1019.8,189.62,98.75
1019.8,192.7,148.12
1019.8,195.94,197.5
1036.8,184.02,0
1036.8,185.72,49.375
1036.8,188.28,98.75
1036.8,191.29,148.12
1036.8,194.46,197.5
1053.8,182.77,0
1053.8,184.43,49.375
1053.8,186.93,98.75
1053.8,189.88,148.12
1053.8,192.99,197.5
1070.8,181.51,0
1070.8,183.14,49.375
1070.8,185.59,98.75
1070.8,188.47,148.12
1070.8,191.51,197.5
1087.8,180.25,0
1087.8,181.84,49.375
1087.8,184.24,98.75
1087.8,187.06,148.12
1087.8,190.03,197.5
1104.9,178.99,0
1104.9,180.55,49.375
1104.9,182.89,98.75
1104.9,185.65,148.12
1104.9,188.55,197.5
1121.9,177.74,0
1121.9,179.26,49.375
1121.9,181.55,98.75
1121.9,184.24,148.12
1121.9,187.08,197.5
1138.9,176.48,0
1138.9,177.97,49.375
1138.9,180.2,98.75
1138.9,182.83,148.12
1138.9,185.6,197.5
1155.9,175.22,0
1155.9,176.67,49.375
1155.9,178.85,98.75
1155.9,181.42,148.12
1155.9,184.12,197.5
1172.9,173.97,0
1172.9,175.38,49.375
1172.9,177.51,98.75
1172.9,180.01,148.12
1172.9,182.64,197.5
1189.9,172.69,0
1189.9,174.07,49.375
1189.9,176.16,98.75
1189.9,178.6,148.12
1189.9,181.17,197.5
1206.9,171.34,0
1206.9,172.7,49.375
1206.9,174.74,98.75
1206.9,177.13,148.12
1206.9,179.65,197.5
1224,170,0
1224,171.33,49.375
1224,173.32,98.75
1224,175.66,148.12
1224,178.13,197.5
1241,168.65,0
1241,169.95,49.375
1241,171.91,98.75
1241,174.2,148.12
1241,176.61,197.5
1258,167.31,0
1258,168.58,49.375
1258,170.49,98.75
1258,172.73,148.12
1258,175.1,197.5
1275,165.96,0
1275,167.2,49.375
1275,169.07,98.75
1275,171.27,148.12
1275,173.58,197.5
1292,164.61,0
1292,165.83,49.375
1292,167.66,98.75
1292,169.8,148.12
1292,172.06,197.5
1309,163.27,0
1309,164.45,49.375
1309,166.24,98.75
1309,168.34,148.12
1309,170.54,197.5
1326,161.92,0
1326,163.08,49.375
1326,164.82,98.75
1326,166.87,148.12
1326,169.02,197.5
1343.1,160.57,0
1343.1,161.71,49.375
1343.1,163.41,98.75
1343.1,165.4,148.12
1343.1,167.51,197.5
1360.1,159.23,0
1360.1,160.33,49.375
1360.1,161.99,98.75
1360.1,163.94,148.12
1360.1,165.99,197.5
1377.1,157.88,0
1377.1,158.96,49.375
1377.1,160.57,98.75
1377.1,162.47,148.12
1377.1,164.47,197.5
1394.1,156.54,0
1394.1,157.58,49.375
1394.1,159.16,98.75
1394.1,161.01,148.12
1394.1,162.95,197.5
1411.1,155.19,0
1411.1,156.21,49.375
1411.1,157.74,98.75
1411.1,159.54,148.12
1411.1,161.44,197.5
1428.1,153.84,0
1428.1,154.83,49.375
1428.1,156.32,98.75
1428.1,158.07,148.12
1428.1,159.92,197.5
1445.1,152.5,0
1445.1,153.46,49.375
1445.1,154.91,98.75
1445.1,156.61,148.12
1445.1,158.4,197.5
1462.2,151.15,0
1462.2,152.09,49.375
1462.2,153.49,98.75
1462.2,155.14,148.12
1462.2,156.88,197.5
1479.2,149.8,0
1479.2,150.71,49.375
1479.2,152.08,98.75
1479.2,153.68,148.12
1479.2,155.36,197.5
1496.2,148.46,0
1496.2,149.34,49.375
1496.2,150.66,98.75
1496.2,152.21,148.12
1496.2,153.85,197.5
1513.2,147.05,0
1513.2,147.9,49.375
1513.2,149.19,98.75
1513.2,150.7,148.12
1513.2,152.29,197.5
1530.2,145.56,0
1530.2,146.4,49.375
1530.2,147.65,98.75
1530.2,149.12,148.12
1530.2,150.67,197.5
1547.2,144.08,0
1547.2,144.89,49.375
1547.2,146.11,98.75
1547.2,147.54,148.12
1547.2,149.05,197.5
1564.2,142.59,0
1564.2,143.38,49.375
1564.2,144.57,98.75
1564.2,145.96,148.12
1564.2,147.43,197.5
1581.3,141.11,0
1581.3,141.88,49.375
1581.3,143.03,98.75
1581.3,144.38,148.12
1581.3,145.81,197.5
1598.3,139.62,0
1598.3,140.37,49.375
1598.3,141.49,98.75
1598.3,142.8,148.12
1598.3,144.18,197.5
1615.3,138.14,0
1615.3,138.86,49.375
1615.3,139.95,98.75
1615.3,141.22,148.12
1615.3,142.56,197.5
1632.3,136.66,0
1632.3,137.36,49.375
1632.3,138.41,98.75
1632.3,139.64,148.12
1632.3,140.94,197.5
1649.3,135.17,0
1649.3,135.85,49.375
1649.3,136.87,98.75
1649.3,138.06,148.12
1649.3,139.32,197.5
1666.3,133.69,0
1666.3,134.34,49.375
1666.3,135.33,98.75
1666.3,136.48,148.12
1666.3,137.7,197.5
1683.3,132.2,0
1683.3,132.84,49.375
1683.3,133.79,98.75
1683.3,134.9,148.12
1683.3,136.07,197.5
1700.3,130.72,0
1700.3,131.33,49.375
1700.3,132.25,98.75
1700.3,133.32,148.12
1700.3,134.45,197.5
1717.4,129.24,0
1717.4,129.82,49.375
1717.4,130.71,98.75
1717.4,131.74,148.12
1717.4,132.83,197.5
1734.4,127.75,0
1734.4,128.32,49.375
1734.4,129.17,98.75
1734.4,130.16,148.12
1734.4,131.21,197.5
1751.4,126.27,0
1751.4,126.81,49.375
1751.4,127.63,98.75
1751.4,128.58,148.12
1751.4,129.59,197.5
1768.4,124.78,0
1768.4,125.31,49.375
1768.4,126.09,98.75
1768.4,127,148.12
1768.4,127.96,197.5
1785.4,123.18,0
1785.4,123.68,49.375
1785.4,124.43,98.75
1785.4,125.3,148.12
1785.4,126.23,197.5
1802.4,121.49,0
1802.4,121.97,49.375
1802.4,122.69,98.75
1802.4,123.54,148.12
1802.4,124.43,197.5
1819.4,119.8,0
1819.4,120.26,49.375
1819.4,120.96,98.75
1819.4,121.78,148.12
1819.4,122.63,197.5
1836.5,118.11,0
1836.5,118.56,49.375
1836.5,119.23,98.75
1836.5,120.01,148.12
1836.5,120.84,197.5
1853.5,116.42,0
1853.5,116.85,49.375
1853.5,117.49,98.75
1853.5,118.25,148.12
1853.5,119.04,197.5
1870.5,114.73,0
1870.5,115.14,49.375
1870.5,115.76,98.75
1870.5,116.49,148.12
1870.5,117.24,197.5
1887.5,113.04,0
1887.5,113.43,49.375
1887.5,114.03,98.75
1887.5,114.72,148.12
1887.5,115.45,197.5
1904.5,111.35,0
1904.5,111.73,49.375
1904.5,112.3,98.75
1904.5,112.96,148.12
1904.5,113.65,197.5
1921.5,109.66,0
1921.5,110.02,49.375
1921.5,110.56,98.75
1921.5,111.19,148.12
1921.5,111.86,197.5
1938.5,107.97,0
1938.5,108.31,49.375
1938.5,108.83,98.75
1938.5,109.43,148.12
1938.5,110.06,197.5
1955.6,106.28,0
1955.6,106.61,49.375
1955.6,107.1,98.75
1955.6,107.67,148.12
1955.6,108.26,197.5
1972.6,104.59,0
1972.6,104.9,49.375
1972.6,105.36,98.75
1972.6,105.9,148.12
1972.6,106.47,197.5
1989.6,102.9,0
1989.6,103.19,49.375
1989.6,103.63,98.75
1989.6,104.14,148.12
1989.6,104.67,197.5
2006.6,101.08,0
2006.6,101.35,49.375
2006.6,101.74,98.75
2006.6,102.2,148.12
2006.6,102.68,197.5
2023.6,99.079,0
2023.6,99.331,49.375
2023.6,99.707,98.75
2023.6,100.14,148.12
2023.6,100.6,197.5
2040.6,97.075,0
2040.6,97.315,49.375
2040.6,97.673,98.75
2040.6,98.088,148.12
2040.6,98.521,197.5
2057.6,95.071,0
2057.6,95.299,49.375
2057.6,95.639,98.75
2057.6,96.032,148.12
2057.6,96.443,197.5
2074.7,93.068,0
2074.7,93.283,49.375
2074.7,93.605,98.75
2074.7,93.977,148.12
2074.7,94.366,197.5
2091.7,91.064,0
2091.7,91.267,49.375
2091.7,91.571,98.75
2091.7,91.922,148.12
2091.7,92.289,197.5
2108.7,89.06,0
2108.7,89.252,49.375
2108.7,89.537,98.75
2108.7,89.867,148.12
2108.7,90.211,197.5
2125.7,87.056,0
2125.7,87.236,49.375
2125.7,87.503,98.75
2125.7,87.812,148.12
2125.7,88.134,197.5
2142.7,85.052,0
2142.7,85.22,49.375
2142.7,85.469,98.75
2142.7,85.757,148.12
2142.7,86.057,197.5
2159.7,83.048,0
2159.7,83.204,49.375
2159.7,83.435,98.75
2159.7,83.702,148.12
2159.7,83.98,197.5
2176.7,81.045,0
2176.7,81.188,49.375
2176.7,81.401,98.75
2176.7,81.646,148.12
2176.7,81.902,197.5
2193.8,78.687,0
2193.8,78.81,49.375
2193.8,78.993,98.75
2193.8,79.205,148.12
2193.8,79.425,197.5
2210.8,76.169,0
2210.8,76.284,49.375
2210.8,76.453,98.75
2210.8,76.65,148.12
2210.8,76.854,197.5
2227.8,73.651,0
2227.8,73.757,49.375
2227.8,73.914,98.75
2227.8,74.095,148.12
2227.8,74.284,197.5
2244.8,71.134,0
2244.8,71.23,49.375
2244.8,71.374,98.75
2244.8,71.54,148.12
2244.8,71.713,197.5
2261.8,68.616,0
2261.8,68.704,49.375
2261.8,68.834,98.75
2261.8,68.985,148.12
2261.8,69.142,197.5
2278.8,66.098,0
2278.8,66.177,49.375
2278.8,66.294,98.75
2278.8,66.43,148.12
2278.8,66.572,197.5
2295.8,63.58,0
2295.8,63.65,49.375
2295.8,63.755,98.75
2295.8,63.875,148.12
2295.8,64.001,197.5
2312.8,61.062,0
2312.8,61.124,49.375
2312.8,61.215,98.75
2312.8,61.32,148.12
2312.8,61.43,197.5
2329.9,58.111,0
2329.9,58.159,49.375
2329.9,58.231,98.75
2329.9,58.313,148.12
2329.9,58.399,197.5
2346.9,54.646,0
2346.9,54.688,49.375
2346.9,54.751,98.75
2346.9,54.823,148.12
2346.9,54.898,197.5
2363.9,51.18,0
2363.9,51.216,49.375
2363.9,51.27,98.75
2363.9,51.332,148.12
2363.9,51.397,197.5
2380.9,47.714,0
2380.9,47.745,49.375
2380.9,47.79,98.75
2380.9,47.842,148.12
2380.9,47.896,197.5
2397.9,44.249,0
2397.9,44.273,49.375
2397.9,44.31,98.75
2397.9,44.352,148.12
2397.9,44.395,197.5
2414.9,40.783,0
2414.9,40.802,49.375
2414.9,40.83,98.75
2414.9,40.861,148.12
2414.9,40.894,197.5
2431.9,35.904,0
2431.9,35.915,49.375
2431.9,35.932,98.75
2431.9,35.952,148.12
2431.9,35.972,197.5
2449,30.194,0
2449,30.202,49.375
2449,30.214,98.75
2449,30.228,148.12
2449,30.243,197.5
2466,24.484,0
2466,24.489,49.375
2466,24.496,98.75
2466,24.505,148.12
2466,24.513,197.5
2483,18.192,0
2483,18.194,49.375
2483,18.196,98.75
2483,18.198,148.12
2483,18.201,197.5
2500,0,0
2500,0,49.375
2500,0,98.75
2500,0,148.12
2500,0,197.5
