1135.1,219.08,0
1135.1,221.02,43
1135.1,223.59,86
1135.1,226.22,129
1135.1,228.43,172
1155,217.67,0
1155,219.58,43
1155,222.1,86
1155,224.69,129
1155,226.87,172
1174.8,216.26,0
1174.8,218.14,43
1174.8,220.62,86
1174.8,223.16,129
1174.8,225.31,172
1194.7,214.85,0
1194.7,216.7,43
1194.7,219.14,86
1194.7,221.64,129
1194.7,223.74,172
1214.5,213.45,0
1214.5,215.26,43
1214.5,217.65,86
1214.5,220.11,129
1214.5,222.18,172
1234.4,212.04,0
1234.4,213.82,43
1234.4,216.17,86
1234.4,218.58,129
1234.4,220.61,172
1254.2,210.63,0
1254.2,212.38,43
1254.2,214.69,86
1254.2,217.06,129
1254.2,219.05,172
1274.1,209.22,0
1274.1,210.94,43
1274.1,213.21,86
1274.1,215.53,129
1274.1,217.49,172
1293.9,207.81,0
1293.9,209.5,43
1293.9,211.72,86
1293.9,214,129
1293.9,215.92,172
1313.8,206.41,0
1313.8,208.06,43
1313.8,210.24,86
1313.8,212.48,129
1313.8,214.36,172
1333.6,205,0
1333.6,206.62,43
1333.6,208.76,86
1333.6,210.95,129
1333.6,212.79,172
1353.5,203.59,0
1353.5,205.18,43
1353.5,207.28,86
1353.5,209.42,129
1353.5,211.23,172
1373.3,202.18,0
1373.3,203.74,43
1373.3,205.79,86
1373.3,207.89,129
1373.3,209.66,172
1393.1,200.77,0
1393.1,202.3,43
1393.1,204.31,86
1393.1,206.37,129
1393.1,208.1,172
1413,199.37,0
1413,200.86,43
1413,202.83,86
1413,204.84,129
1413,206.54,172
1432.8,197.96,0
1432.8,199.42,43
1432.8,201.34,86
1432.8,203.31,129
1432.8,204.97,172
1452.7,196.55,0
1452.7,197.98,43
1452.7,199.86,86
1452.7,201.79,129
1452.7,203.41,172
1472.5,195.14,0
1472.5,196.54,43
1472.5,198.38,86
1472.5,200.26,129
1472.5,201.84,172
1492.4,193.74,0
1492.4,195.1,43
1492.4,196.9,86
1492.4,198.73,129
1492.4,200.28,172
1512.2,192.33,0
1512.2,193.66,43
1512.2,195.41,86
1512.2,197.21,129
1512.2,198.71,172
1532.1,190.92,0
1532.1,192.22,43
1532.1,193.93,86
1532.1,195.68,129
1532.1,197.15,172
1551.9,189.51,0
1551.9,190.78,43
1551.9,192.45,86
1551.9,194.15,129
1551.9,195.59,172
1571.8,188.1,0
1571.8,189.34,43
1571.8,190.96,86
1571.8,192.63,129
1571.8,194.02,172
1591.6,186.7,0
1591.6,187.9,43
1591.6,189.48,86
1591.6,191.1,129
1591.6,192.46,172
1611.5,185.26,0
1611.5,186.44,43
1611.5,187.99,86
1611.5,189.57,129
1611.5,190.89,172
1631.3,183.76,0
1631.3,184.91,43
1631.3,186.42,86
1631.3,187.97,129
1631.3,189.27,172
1651.2,182.25,0
1651.2,183.38,43
1651.2,184.86,86
1651.2,186.37,129
1651.2,187.64,172
1671,180.75,0
1671,181.85,43
1671,183.3,86
1671,184.78,129
1671,186.02,172
1690.9,179.24,0
1690.9,180.32,43
1690.9,181.74,86
1690.9,183.18,129
1690.9,184.4,172
1710.7,177.73,0
1710.7,178.79,43
1710.7,180.17,86
1710.7,181.59,129
1710.7,182.77,172
1730.5,176.23,0
1730.5,177.26,43
1730.5,178.61,86
1730.5,179.99,129
1730.5,181.15,172
1750.4,174.72,0
1750.4,175.73,43
1750.4,177.05,86
1750.4,178.39,129
1750.4,179.53,172
1770.2,173.22,0
1770.2,174.2,43
1770.2,175.48,86
1770.2,176.8,129
1770.2,177.9,172
1790.1,171.71,0
1790.1,172.67,43
1790.1,173.92,86
1790.1,175.2,129
1790.1,176.28,172
1809.9,170.2,0
1809.9,171.14,43
1809.9,172.36,86
1809.9,173.61,129
1809.9,174.66,172
1829.8,168.7,0
1829.8,169.61,43
1829.8,170.8,86
1829.8,172.01,129
1829.8,173.03,172
1849.6,167.19,0
1849.6,168.08,43
1849.6,169.23,86
1849.6,170.41,129
1849.6,171.41,172
1869.5,165.69,0
1869.5,166.55,43
1869.5,167.67,86
1869.5,168.82,129
1869.5,169.78,172
1889.3,164.18,0
1889.3,165.02,43
1889.3,166.11,86
1889.3,167.22,129
1889.3,168.16,172
1909.2,162.68,0
1909.2,163.49,43
1909.2,164.55,86
1909.2,165.63,129
1909.2,166.54,172
1929,161.17,0
1929,161.96,43
1929,162.98,86
1929,164.03,129
1929,164.91,172
1948.9,159.66,0
1948.9,160.42,43
1948.9,161.42,86
1948.9,162.44,129
1948.9,163.29,172
1968.7,158.16,0
1968.7,158.89,43
1968.7,159.86,86
1968.7,160.84,129
1968.7,161.67,172
1988.6,156.65,0
1988.6,157.36,43
1988.6,158.29,86
1988.6,159.24,129
1988.6,160.04,172
2008.4,155.11,0
2008.4,155.8,43
2008.4,156.71,86
2008.4,157.63,129
2008.4,158.41,172
2028.3,153.43,0
2028.3,154.11,43
2028.3,154.99,86
2028.3,155.89,129
2028.3,156.65,172
2048.1,151.76,0
2048.1,152.42,43
2048.1,153.27,86
2048.1,154.15,129
2048.1,154.88,172
2067.9,150.09,0
2067.9,150.73,43
2067.9,151.56,86
2067.9,152.41,129
2067.9,153.12,172
2087.8,148.42,0
2087.8,149.03,43
2087.8,149.84,86
2087.8,150.67,129
2087.8,151.36,172
2107.6,146.74,0
2107.6,147.34,43
2107.6,148.13,86
2107.6,148.92,129
2107.6,149.6,172
2127.5,145.07,0
2127.5,145.65,43
2127.5,146.41,86
2127.5,147.18,129
2127.5,147.83,172
2147.3,143.4,0
2147.3,143.96,43
2147.3,144.69,86
2147.3,145.44,129
2147.3,146.07,172
2167.2,141.73,0
2167.2,142.27,43
2167.2,142.98,86
2167.2,143.7,129
2167.2,144.31,172
2187,140.06,0
2187,140.58,43
2187,141.26,86
2187,141.96,129
2187,142.54,172
2206.9,138.38,0
2206.9,138.89,43
2206.9,139.55,86
2206.9,140.22,129
2206.9,140.78,172
2226.7,136.71,0
2226.7,137.2,43
2226.7,137.83,86
2226.7,138.48,129
2226.7,139.02,172
2246.6,135.04,0
2246.6,135.5,43
2246.6,136.11,86
2246.6,136.73,129
2246.6,137.26,172
2266.4,133.37,0
2266.4,133.81,43
2266.4,134.4,86
2266.4,134.99,129
2266.4,135.49,172
2286.3,131.69,0
2286.3,132.12,43
2286.3,132.68,86
2286.3,133.25,129
2286.3,133.73,172
2306.1,130.02,0
2306.1,130.43,43
2306.1,130.97,86
2306.1,131.51,129
2306.1,131.97,172
2326,128.35,0
2326,128.74,43
2326,129.25,86
2326,129.77,129
2326,130.2,172
2345.8,126.51,0
2345.8,126.89,43
2345.8,127.38,86
2345.8,127.87,129
2345.8,128.29,172
2365.7,124.57,0
2365.7,124.93,43
2365.7,125.41,86
2365.7,125.89,129
2365.7,126.29,172
2385.5,122.63,0
2385.5,122.98,43
2385.5,123.44,86
2385.5,123.9,129
2385.5,124.28,172
2405.3,120.7,0
2405.3,121.03,43
2405.3,121.47,86
2405.3,121.91,129
2405.3,122.28,172
2425.2,118.76,0
2425.2,119.08,43
2425.2,119.5,86
2425.2,119.92,129
2425.2,120.27,172
2445,116.82,0
2445,117.13,43
2445,117.53,86
2445,117.93,129
2445,118.27,172
2464.9,114.88,0
2464.9,115.18,43
2464.9,115.56,86
2464.9,115.94,129
2464.9,116.27,172
2484.7,112.95,0
2484.7,113.22,43
2484.7,113.59,86
2484.7,113.95,129
2484.7,114.26,172
2504.6,111.01,0
2504.6,111.27,43
2504.6,111.61,86
2504.6,111.96,129
2504.6,112.26,172
2524.4,109.07,0
2524.4,109.32,43
2524.4,109.64,86
2524.4,109.97,129
2524.4,110.25,172
2544.3,107.13,0
2544.3,107.37,43
2544.3,107.67,86
2544.3,107.99,129
2544.3,108.25,172
2564.1,105.2,0
2564.1,105.42,43
2564.1,105.7,86
2564.1,106,129
2564.1,106.24,172
2584,103.26,0
2584,103.47,43
2584,103.73,86
2584,104.01,129
2584,104.24,172
2603.8,101.25,0
2603.8,101.44,43
2603.8,101.67,86
2603.8,101.91,129
2603.8,102.11,172
2623.7,98.924,0
2623.7,99.096,43
2623.7,99.32,86
2623.7,99.548,129
2623.7,99.739,172
2643.5,96.594,0
2643.5,96.756,43
2643.5,96.968,86
2643.5,97.183,129
2643.5,97.363,172
2663.4,94.264,0
2663.4,94.417,43
2663.4,94.616,86
2663.4,94.817,129
2663.4,94.987,172
2683.2,91.933,0
2683.2,92.077,43
2683.2,92.263,86
2683.2,92.452,129
2683.2,92.611,172
2703.1,89.603,0
2703.1,89.737,43
2703.1,89.911,86
2703.1,90.087,129
2703.1,90.235,172
2722.9,87.273,0
2722.9,87.397,43
2722.9,87.558,86
2722.9,87.722,129
2722.9,87.859,172
2742.8,84.943,0
2742.8,85.057,43
2742.8,85.206,86
2742.8,85.357,129
2742.8,85.483,172
2762.6,82.612,0
2762.6,82.717,43
2762.6,82.853,86
2762.6,82.991,129
2762.6,83.107,172
2782.4,80.278,0
2782.4,80.366,43
2782.4,80.48,86
2782.4,80.596,129
2782.4,80.694,172
2802.3,77.346,0
2802.3,77.428,43
2802.3,77.533,86
2802.3,77.64,129
2802.3,77.729,172
2822.1,74.415,0
2822.1,74.489,43
2822.1,74.586,86
2822.1,74.683,129
2822.1,74.765,172
2842,71.484,0
2842,71.551,43
2842,71.638,86
2842,71.726,129
2842,71.801,172
2861.8,68.553,0
2861.8,68.613,43
2861.8,68.691,86
2861.8,68.77,129
2861.8,68.836,172
2881.7,65.621,0
2881.7,65.674,43
2881.7,65.743,86
2881.7,65.813,129
2881.7,65.872,172
2901.5,62.69,0
2901.5,62.736,43
2901.5,62.796,86
2901.5,62.857,129
2901.5,62.907,172
2921.4,59.759,0
2921.4,59.798,43
2921.4,59.849,86
2921.4,59.9,129
2921.4,59.943,172
2941.2,55.765,0
2941.2,55.795,43
2941.2,55.834,86
2941.2,55.874,129
2941.2,55.908,172
2961.1,51.727,0
2961.1,51.752,43
2961.1,51.785,86
2961.1,51.819,129
2961.1,51.847,172
2980.9,47.688,0
2980.9,47.709,43
2980.9,47.736,86
2980.9,47.764,129
2980.9,47.787,172
3000.8,43.65,0
3000.8,43.666,43
3000.8,43.687,86
3000.8,43.708,129
3000.8,43.726,172
3020.6,39.612,0
3020.6,39.623,43
3020.6,39.638,86
3020.6,39.653,129
3020.6,39.666,172
3040.5,33.038,0
3040.5,33.045,43
3040.5,33.054,86
3040.5,33.062,129
3040.5,33.07,172
3060.3,26.381,0
3060.3,26.385,43
3060.3,26.39,86
3060.3,26.395,129
3060.3,26.4,172
3080.2,19.723,0
3080.2,19.725,43
3080.2,19.726,86
3080.2,19.728,129
3080.2,19.73,172
3100,0,0
3100,0,43
3100,0,86
3100,0,129
3100,0,172
