815.63,227.53,0
815.63,230.58,49.375
815.63,235.21,98.75
815.63,240.71,148.12
815.63,246.56,197.5
836.68,226.04,0
836.68,229.05,49.375
836.68,233.6,98.75
836.68,239.01,148.12
836.68,244.76,197.5
857.73,224.56,0
857.73,227.51,49.375
857.73,231.99,98.75
857.73,237.3,148.12
857.73,242.95,197.5
878.79,223.08,0
878.79,225.98,49.375
878.79,230.38,98.75
878.79,235.6,148.12
878.79,241.15,197.5
899.84,221.6,0
899.84,224.45,49.375
899.84,228.77,98.75
899.84,233.9,148.12
899.84,239.34,197.5
920.9,220.12,0
920.9,222.92,49.375
920.9,227.16,98.75
920.9,232.19,148.12
920.9,237.54,197.5
941.95,218.64,0
941.95,221.38,49.375
941.95,225.55,98.75
941.95,230.49,148.12
941.95,235.73,197.5
963.01,217.15,0
963.01,219.85,49.375
963.01,223.94,98.75
963.01,228.78,148.12
963.01,233.93,197.5
984.06,215.67,0
984.06,218.32,49.375
984.06,222.33,98.75
984.06,227.08,148.12
984.06,232.13,197.5
1005.1,214.19,0
1005.1,216.79,49.375
1005.1,220.72,98.75
1005.1,225.38,148.12
1005.1,230.32,197.5
1026.2,212.71,0
1026.2,215.25,49.375
1026.2,219.11,98.75
1026.2,223.67,148.12
1026.2,228.52,197.5
1047.2,211.23,0
1047.2,213.72,49.375
1047.2,217.5,98.75
1047.2,221.97,148.12
1047.2,226.71,197.5
1068.3,209.75,0
1068.3,212.19,49.375
1068.3,215.89,98.75
1068.3,220.27,148.12
1068.3,224.91,197.5
1089.3,208.27,0
1089.3,210.66,49.375
1089.3,214.28,98.75
1089.3,218.56,148.12
1089.3,223.1,197.5
1110.4,206.78,0
1110.4,209.12,49.375
1110.4,212.67,98.75
1110.4,216.86,148.12
1110.4,221.3,197.5
1131.4,205.3,0
1131.4,207.59,49.375
1131.4,211.06,98.75
1131.4,215.15,148.12
1131.4,219.49,197.5
1152.5,203.82,0
1152.5,206.06,49.375
1152.5,209.45,98.75
1152.5,213.45,148.12
1152.5,217.69,197.5
1173.5,202.34,0
1173.5,204.53,49.375
1173.5,207.84,98.75
1173.5,211.75,148.12
1173.5,215.89,197.5
1194.6,200.86,0
1194.6,202.99,49.375
1194.6,206.23,98.75
1194.6,210.04,148.12
1194.6,214.08,197.5
1215.7,199.38,0
1215.7,201.46,49.375
1215.7,204.62,98.75
1215.7,208.34,148.12
1215.7,212.28,197.5
1236.7,197.89,0
1236.7,199.93,49.375
1236.7,203.01,98.75
1236.7,206.63,148.12
1236.7,210.47,197.5
1257.8,196.41,0
1257.8,198.4,49.375
1257.8,201.4,98.75
1257.8,204.93,148.12
1257.8,208.67,197.5
1278.8,194.93,0
1278.8,196.87,49.375
1278.8,199.78,98.75
1278.8,203.23,148.12
1278.8,206.86,197.5
1299.9,193.45,0
1299.9,195.33,49.375
1299.9,198.17,98.75
1299.9,201.52,148.12
1299.9,205.06,197.5
1320.9,191.97,0
1320.9,193.8,49.375
1320.9,196.56,98.75
1320.9,199.82,148.12
1320.9,203.26,197.5
1342,190.43,0
1342,192.23,49.375
1342,194.93,98.75
1342,198.11,148.12
1342,201.45,197.5
1363,188.85,0
1363,190.61,49.375
1363,193.25,98.75
1363,196.36,148.12
1363,199.63,197.5
1384.1,187.27,0
1384.1,188.99,49.375
1384.1,191.58,98.75
1384.1,194.62,148.12
1384.1,197.82,197.5
1405.1,185.69,0
1405.1,187.37,49.375
1405.1,189.9,98.75
1405.1,192.87,148.12
1405.1,196,197.5
1426.2,184.11,0
1426.2,185.75,49.375
1426.2,188.23,98.75
1426.2,191.13,148.12
1426.2,194.19,197.5
1447.3,182.53,0
1447.3,184.13,49.375
1447.3,186.55,98.75
1447.3,189.39,148.12
1447.3,192.37,197.5
1468.3,180.95,0
1468.3,182.52,49.375
1468.3,184.87,98.75
1468.3,187.64,148.12
1468.3,190.56,197.5
1489.4,179.37,0
1489.4,180.9,49.375
1489.4,183.2,98.75
1489.4,185.9,148.12
1489.4,188.74,197.5
1510.4,177.79,0
1510.4,179.28,49.375
1510.4,181.52,98.75
1510.4,184.15,148.12
1510.4,186.92,197.5
1531.5,176.21,0
1531.5,177.66,49.375
1531.5,179.84,98.75
1531.5,182.41,148.12
1531.5,185.11,197.5
1552.5,174.63,0
1552.5,176.04,49.375
1552.5,178.17,98.75
1552.5,180.66,148.12
1552.5,183.29,197.5
1573.6,173.05,0
1573.6,174.42,49.375
1573.6,176.49,98.75
1573.6,178.92,148.12
1573.6,181.48,197.5
1594.6,171.47,0
1594.6,172.8,49.375
1594.6,174.81,98.75
1594.6,177.17,148.12
1594.6,179.66,197.5
1615.7,169.89,0
1615.7,171.18,49.375
1615.7,173.14,98.75
1615.7,175.43,148.12
1615.7,177.85,197.5
1636.7,168.3,0
1636.7,169.57,49.375
1636.7,171.46,98.75
1636.7,173.69,148.12
1636.7,176.03,197.5
1657.8,166.72,0
1657.8,167.95,49.375
1657.8,169.78,98.75
1657.8,171.94,148.12
1657.8,174.21,197.5
1678.9,165.14,0
1678.9,166.33,49.375
1678.9,168.11,98.75
1678.9,170.2,148.12
1678.9,172.4,197.5
1699.9,163.56,0
1699.9,164.71,49.375
1699.9,166.43,98.75
1699.9,168.45,148.12
1699.9,170.58,197.5
1721,161.98,0
1721,163.09,49.375
1721,164.75,98.75
1721,166.71,148.12
1721,168.77,197.5
1742,160.4,0
1742,161.47,49.375
1742,163.08,98.75
1742,164.96,148.12
1742,166.95,197.5
1763.1,158.81,0
1763.1,159.85,49.375
1763.1,161.4,98.75
1763.1,163.22,148.12
1763.1,165.13,197.5
1784.1,157.05,0
1784.1,158.06,49.375
1784.1,159.58,98.75
1784.1,161.36,148.12
1784.1,163.24,197.5
1805.2,155.29,0
1805.2,156.28,49.375
1805.2,157.75,98.75
1805.2,159.48,148.12
1805.2,161.3,197.5
1826.2,153.54,0
1826.2,154.49,49.375
1826.2,155.92,98.75
1826.2,157.6,148.12
1826.2,159.37,197.5
1847.3,151.78,0
1847.3,152.7,49.375
1847.3,154.09,98.75
1847.3,155.72,148.12
1847.3,157.43,197.5
1868.3,150.02,0
1868.3,150.92,49.375
1868.3,152.26,98.75
1868.3,153.84,148.12
1868.3,155.5,197.5
1889.4,148.26,0
1889.4,149.13,49.375
1889.4,150.43,98.75
1889.4,151.96,148.12
1889.4,153.56,197.5
1910.4,146.51,0
1910.4,147.35,49.375
1910.4,148.6,98.75
1910.4,150.08,148.12
1910.4,151.63,197.5
1931.5,144.75,0
1931.5,145.56,49.375
1931.5,146.77,98.75
1931.5,148.2,148.12
1931.5,149.69,197.5
1952.6,142.99,0
1952.6,143.77,49.375
1952.6,144.95,98.75
1952.6,146.32,148.12
1952.6,147.76,197.5
1973.6,141.24,0
1973.6,141.99,49.375
1973.6,143.12,98.75
1973.6,144.44,148.12
1973.6,145.83,197.5
1994.7,139.48,0
1994.7,140.2,49.375
1994.7,141.29,98.75
1994.7,142.55,148.12
1994.7,143.89,197.5
2015.7,137.72,0
2015.7,138.42,49.375
2015.7,139.46,98.75
2015.7,140.67,148.12
2015.7,141.96,197.5
2036.8,135.96,0
2036.8,136.63,49.375
2036.8,137.63,98.75
2036.8,138.79,148.12
2036.8,140.02,197.5
2057.8,134.21,0
2057.8,134.84,49.375
2057.8,135.8,98.75
2057.8,136.91,148.12
2057.8,138.09,197.5
2078.9,132.45,0
2078.9,133.06,49.375
2078.9,133.97,98.75
2078.9,135.03,148.12
2078.9,136.15,197.5
2099.9,130.69,0
2099.9,131.27,49.375
2099.9,132.14,98.75
2099.9,133.15,148.12
2099.9,134.22,197.5
2121,128.87,0
2121,129.42,49.375
2121,130.25,98.75
2121,131.22,148.12
2121,132.24,197.5
2142,126.82,0
2142,127.35,49.375
2142,128.15,98.75
2142,129.08,148.12
2142,130.07,197.5
2163.1,124.77,0
2163.1,125.28,49.375
2163.1,126.05,98.75
2163.1,126.95,148.12
2163.1,127.89,197.5
2184.2,122.72,0
2184.2,123.22,49.375
2184.2,123.95,98.75
2184.2,124.81,148.12
2184.2,125.71,197.5
2205.2,120.68,0
2205.2,121.15,49.375
2205.2,121.85,98.75
2205.2,122.67,148.12
2205.2,123.53,197.5
2226.3,118.63,0
2226.3,119.08,49.375
2226.3,119.75,98.75
2226.3,120.53,148.12
2226.3,121.35,197.5
2247.3,116.58,0
2247.3,117.01,49.375
2247.3,117.65,98.75
2247.3,118.39,148.12
2247.3,119.18,197.5
2268.4,114.54,0
2268.4,114.94,49.375
2268.4,115.55,98.75
2268.4,116.26,148.12
2268.4,117,197.5
2289.4,112.49,0
2289.4,112.87,49.375
2289.4,113.45,98.75
2289.4,114.12,148.12
2289.4,114.82,197.5
2310.5,110.44,0
2310.5,110.81,49.375
2310.5,111.35,98.75
2310.5,111.98,148.12
2310.5,112.64,197.5
2331.5,108.39,0
2331.5,108.74,49.375
2331.5,109.25,98.75
2331.5,109.84,148.12
2331.5,110.46,197.5
2352.6,106.35,0
2352.6,106.67,49.375
2352.6,107.15,98.75
2352.6,107.71,148.12
2352.6,108.29,197.5
2373.6,104.3,0
2373.6,104.6,49.375
2373.6,105.05,98.75
2373.6,105.57,148.12
2373.6,106.11,197.5
2394.7,102.25,0
2394.7,102.53,49.375
2394.7,102.95,98.75
2394.7,103.43,148.12
2394.7,103.93,197.5
2415.8,99.892,0
2415.8,100.14,49.375
2415.8,100.51,98.75
2415.8,100.93,148.12
2415.8,101.38,197.5
2436.8,97.418,0
2436.8,97.651,49.375
2436.8,97.997,98.75
2436.8,98.398,148.12
2436.8,98.817,197.5
2457.9,94.945,0
2457.9,95.163,49.375
2457.9,95.487,98.75
2457.9,95.864,148.12
2457.9,96.257,197.5
2478.9,92.471,0
2478.9,92.675,49.375
2478.9,92.978,98.75
2478.9,93.33,148.12
2478.9,93.696,197.5
2500,89.998,0
2500,90.187,49.375
2500,90.469,98.75
2500,90.796,148.12
2500,91.136,197.5
2521,87.524,0
2521,87.699,49.375
2521,87.96,98.75
2521,88.261,148.12
2521,88.576,197.5
2542.1,85.051,0
2542.1,85.212,49.375
2542.1,85.451,98.75
2542.1,85.727,148.12
2542.1,86.015,197.5
2563.1,82.577,0
2563.1,82.724,49.375
2563.1,82.941,98.75
2563.1,83.193,148.12
2563.1,83.455,197.5
2584.2,80.044,0
2584.2,80.167,49.375
2584.2,80.349,98.75
2584.2,80.56,148.12
2584.2,80.779,197.5
2605.2,76.933,0
2605.2,77.045,49.375
2605.2,77.212,98.75
2605.2,77.405,148.12
2605.2,77.605,197.5
2626.3,73.822,0
2626.3,73.924,49.375
2626.3,74.075,98.75
2626.3,74.25,148.12
2626.3,74.432,197.5
2647.3,70.711,0
2647.3,70.802,49.375
2647.3,70.938,98.75
2647.3,71.095,148.12
2647.3,71.258,197.5
2668.4,67.6,0
2668.4,67.681,49.375
2668.4,67.801,98.75
2668.4,67.94,148.12
2668.4,68.085,197.5
2689.5,64.489,0
2689.5,64.559,49.375
2689.5,64.664,98.75
2689.5,64.785,148.12
2689.5,64.911,197.5
2710.5,61.378,0
2710.5,61.438,49.375
2710.5,61.527,98.75
2710.5,61.63,148.12
2710.5,61.737,197.5
2731.6,57.741,0
2731.6,57.786,49.375
2731.6,57.854,98.75
2731.6,57.932,148.12
2731.6,58.014,197.5
2752.6,53.456,0
2752.6,53.494,49.375
2752.6,53.552,98.75
2752.6,53.618,148.12
2752.6,53.686,197.5
2773.7,49.171,0
2773.7,49.202,49.375
2773.7,49.249,98.75
2773.7,49.303,148.12
2773.7,49.359,197.5
2794.7,44.885,0
2794.7,44.91,49.375
2794.7,44.946,98.75
2794.7,44.988,148.12
2794.7,45.032,197.5
2815.8,40.6,0
2815.8,40.618,49.375
2815.8,40.644,98.75
2815.8,40.674,148.12
2815.8,40.705,197.5
2836.8,34.256,0
2836.8,34.266,49.375
2836.8,34.281,98.75
2836.8,34.299,148.12
2836.8,34.317,197.5
2857.9,27.193,0
2857.9,27.199,49.375
2857.9,27.208,98.75
2857.9,27.219,148.12
2857.9,27.23,197.5
2878.9,20.129,0
2878.9,20.132,49.375
2878.9,20.135,98.75
2878.9,20.139,148.12
2878.9,20.142,197.5
2900,0,0
2900,0,49.375
2900,0,98.75
2900,0,148.12
2900,0,197.5
