815.63,247.02,0
815.63,250.81,49.375
815.63,256.6,98.75
815.63,263.5,148.12
815.63,270.32,197.5
839.71,245.39,0
839.71,249.11,49.375
839.71,254.79,98.75
839.71,261.55,148.12
839.71,268.34,197.5
863.79,243.76,0
863.79,247.41,49.375
863.79,252.97,98.75
863.79,259.6,148.12
863.79,266.35,197.5
887.88,242.13,0
887.88,245.71,49.375
887.88,251.16,98.75
887.88,257.66,148.12
887.88,264.37,197.5
911.96,240.5,0
911.96,244.01,49.375
911.96,249.35,98.75
911.96,255.71,148.12
911.96,262.36,197.5
936.05,238.87,0
936.05,242.31,49.375
936.05,247.54,98.75
936.05,253.77,148.12
936.05,260.36,197.5
960.13,237.24,0
960.13,240.61,49.375
960.13,245.73,98.75
960.13,251.83,148.12
960.13,258.31,197.5
984.22,235.6,0
984.22,238.9,49.375
984.22,243.92,98.75
984.22,249.89,148.12
984.22,256.26,197.5
1008.3,233.97,0
1008.3,237.2,49.375
1008.3,242.12,98.75
1008.3,247.96,148.12
1008.3,254.22,197.5
1032.4,232.33,0
1032.4,235.5,49.375
1032.4,240.31,98.75
1032.4,246.03,148.12
1032.4,252.18,197.5
1056.5,230.69,0
1056.5,233.79,49.375
1056.5,238.5,98.75
1056.5,244.11,148.12
1056.5,250.13,197.5
1080.6,229.05,0
1080.6,232.08,49.375
1080.6,236.68,98.75
1080.6,242.19,148.12
1080.6,248.09,197.5
1104.6,227.39,0
1104.6,230.35,49.375
1104.6,234.86,98.75
1104.6,240.26,148.12
1104.6,246.05,197.5
1128.7,225.71,0
1128.7,228.62,49.375
1128.7,233.05,98.75
1128.7,238.34,148.12
1128.7,244,197.5
1152.8,224.04,0
1152.8,226.89,49.375
1152.8,231.23,98.75
1152.8,236.41,148.12
1152.8,241.96,197.5
1176.9,222.36,0
1176.9,225.15,49.375
1176.9,229.41,98.75
1176.9,234.49,148.12
1176.9,239.92,197.5
1201,220.68,0
1201,223.42,49.375
1201,227.6,98.75
1201,232.57,148.12
1201,237.88,197.5
1225.1,219.01,0
1225.1,221.69,49.375
1225.1,225.78,98.75
1225.1,230.64,148.12
1225.1,235.83,197.5
1249.1,217.33,0
1249.1,219.96,49.375
1249.1,223.96,98.75
1249.1,228.72,148.12
1249.1,233.79,197.5
1273.2,215.66,0
1273.2,218.23,49.375
1273.2,222.15,98.75
1273.2,226.8,148.12
1273.2,231.75,197.5
1297.3,213.98,0
1297.3,216.5,49.375
1297.3,220.33,98.75
1297.3,224.87,148.12
1297.3,229.71,197.5
1321.4,212.3,0
1321.4,214.77,49.375
1321.4,218.51,98.75
1321.4,222.95,148.12
1321.4,227.66,197.5
1345.5,210.63,0
1345.5,213.04,49.375
1345.5,216.69,98.75
1345.5,221.03,148.12
1345.5,225.62,197.5
1369.6,208.95,0
1369.6,211.31,49.375
1369.6,214.88,98.75
1369.6,219.1,148.12
1369.6,223.58,197.5
1393.7,207.28,0
1393.7,209.58,49.375
1393.7,213.06,98.75
1393.7,217.18,148.12
1393.7,221.53,197.5
1417.7,205.6,0
1417.7,207.85,49.375
1417.7,211.24,98.75
1417.7,215.25,148.12
1417.7,219.49,197.5
1441.8,203.93,0
1441.8,206.12,49.375
1441.8,209.43,98.75
1441.8,213.33,148.12
1441.8,217.45,197.5
1465.9,202.25,0
1465.9,204.39,49.375
1465.9,207.61,98.75
1465.9,211.41,148.12
1465.9,215.41,197.5
1490,200.57,0
1490,202.65,49.375
1490,205.79,98.75
1490,209.48,148.12
1490,213.36,197.5
1514.1,198.9,0
1514.1,200.92,49.375
1514.1,203.98,98.75
1514.1,207.56,148.12
1514.1,211.32,197.5
1538.2,197.22,0
1538.2,199.19,49.375
1538.2,202.16,98.75
1538.2,205.64,148.12
1538.2,209.28,197.5
1562.2,195.55,0
1562.2,197.46,49.375
1562.2,200.34,98.75
1562.2,203.71,148.12
1562.2,207.23,197.5
1586.3,193.87,0
1586.3,195.73,49.375
1586.3,198.52,98.75
1586.3,201.76,148.12
1586.3,205.19,197.5
1610.4,192.19,0
1610.4,193.97,49.375
1610.4,196.64,98.75
1610.4,199.8,148.12
1610.4,203.14,197.5
1634.5,190.41,0
1634.5,192.14,49.375
1634.5,194.75,98.75
1634.5,197.83,148.12
1634.5,201.1,197.5
1658.6,188.62,0
1658.6,190.31,49.375
1658.6,192.86,98.75
1658.6,195.87,148.12
1658.6,199.05,197.5
1682.7,186.83,0
1682.7,188.48,49.375
1682.7,190.96,98.75
1682.7,193.9,148.12
1682.7,197.01,197.5
1706.8,185.04,0
1706.8,186.65,49.375
1706.8,189.07,98.75
1706.8,191.93,148.12
1706.8,194.96,197.5
1730.8,183.25,0
1730.8,184.82,49.375
1730.8,187.18,98.75
1730.8,189.97,148.12
1730.8,192.91,197.5
1754.9,181.46,0
1754.9,182.98,49.375
1754.9,185.29,98.75
1754.9,188,148.12
1754.9,190.87,197.5
1779,179.67,0
1779,181.15,49.375
1779,183.39,98.75
1779,186.04,148.12
1779,188.82,197.5
1803.1,177.88,0
1803.1,179.32,49.375
1803.1,181.5,98.75
1803.1,184.07,148.12
1803.1,186.78,197.5
1827.2,176.09,0
1827.2,177.49,49.375
1827.2,179.61,98.75
1827.2,182.1,148.12
1827.2,184.73,197.5
1851.3,174.29,0
1851.3,175.66,49.375
1851.3,177.72,98.75
1851.3,180.14,148.12
1851.3,182.69,197.5
1875.3,172.5,0
1875.3,173.83,49.375
1875.3,175.83,98.75
1875.3,178.17,148.12
1875.3,180.64,197.5
1899.4,170.71,0
1899.4,172,49.375
1899.4,173.93,98.75
1899.4,176.21,148.12
1899.4,178.6,197.5
1923.5,168.92,0
1923.5,170.17,49.375
1923.5,172.04,98.75
1923.5,174.24,148.12
1923.5,176.55,197.5
1947.6,167.13,0
1947.6,168.34,49.375
1947.6,170.15,98.75
1947.6,172.27,148.12
1947.6,174.5,197.5
1971.7,165.34,0
1971.7,166.51,49.375
1971.7,168.26,98.75
1971.7,170.31,148.12
1971.7,172.46,197.5
1995.8,163.55,0
1995.8,164.68,49.375
1995.8,166.36,98.75
1995.8,168.34,148.12
1995.8,170.41,197.5
2019.9,161.76,0
2019.9,162.84,49.375
2019.9,164.47,98.75
2019.9,166.38,148.12
2019.9,168.37,197.5
2043.9,159.97,0
2043.9,161.01,49.375
2043.9,162.55,98.75
2043.9,164.33,148.12
2043.9,166.2,197.5
2068,158.03,0
2068,159.01,49.375
2068,160.48,98.75
2068,162.2,148.12
2068,164.02,197.5
2092.1,156.04,0
2092.1,156.98,49.375
2092.1,158.41,98.75
2092.1,160.08,148.12
2092.1,161.85,197.5
2116.2,154.04,0
2116.2,154.96,49.375
2116.2,156.34,98.75
2116.2,157.96,148.12
2116.2,159.67,197.5
2140.3,152.05,0
2140.3,152.93,49.375
2140.3,154.27,98.75
2140.3,155.84,148.12
2140.3,157.49,197.5
2164.4,150.05,0
2164.4,150.91,49.375
2164.4,152.2,98.75
2164.4,153.71,148.12
2164.4,155.31,197.5
2188.4,148.05,0
2188.4,148.88,49.375
2188.4,150.13,98.75
2188.4,151.59,148.12
2188.4,153.13,197.5
2212.5,146.06,0
2212.5,146.86,49.375
2212.5,148.06,98.75
2212.5,149.47,148.12
2212.5,150.95,197.5
2236.6,144.06,0
2236.6,144.83,49.375
2236.6,145.99,98.75
2236.6,147.35,148.12
2236.6,148.77,197.5
2260.7,142.07,0
2260.7,142.81,49.375
2260.7,143.92,98.75
2260.7,145.22,148.12
2260.7,146.6,197.5
2284.8,140.07,0
2284.8,140.78,49.375
2284.8,141.85,98.75
2284.8,143.1,148.12
2284.8,144.42,197.5
2308.9,138.08,0
2308.9,138.76,49.375
2308.9,139.78,98.75
2308.9,140.98,148.12
2308.9,142.24,197.5
2333,136.08,0
2333,136.73,49.375
2333,137.71,98.75
2333,138.86,148.12
2333,140.06,197.5
2357,134.09,0
2357,134.71,49.375
2357,135.64,98.75
2357,136.73,148.12
2357,137.88,197.5
2381.1,132.09,0
2381.1,132.68,49.375
2381.1,133.57,98.75
2381.1,134.61,148.12
2381.1,135.7,197.5
2405.2,130.09,0
2405.2,130.66,49.375
2405.2,131.5,98.75
2405.2,132.46,148.12
2405.2,133.45,197.5
2429.3,127.86,0
2429.3,128.37,49.375
2429.3,129.13,98.75
2429.3,130.03,148.12
2429.3,130.98,197.5
2453.4,125.52,0
2453.4,126.01,49.375
2453.4,126.75,98.75
2453.4,127.61,148.12
2453.4,128.51,197.5
2477.5,123.19,0
2477.5,123.66,49.375
2477.5,124.36,98.75
2477.5,125.18,148.12
2477.5,126.04,197.5
2501.5,120.86,0
2501.5,121.31,49.375
2501.5,121.97,98.75
2501.5,122.75,148.12
2501.5,123.58,197.5
2525.6,118.53,0
2525.6,118.95,49.375
2525.6,119.59,98.75
2525.6,120.33,148.12
2525.6,121.11,197.5
2549.7,116.2,0
2549.7,116.6,49.375
2549.7,117.2,98.75
2549.7,117.9,148.12
2549.7,118.64,197.5
2573.8,113.86,0
2573.8,114.24,49.375
2573.8,114.81,98.75
2573.8,115.48,148.12
2573.8,116.17,197.5
2597.9,111.53,0
2597.9,111.89,49.375
2597.9,112.43,98.75
2597.9,113.05,148.12
2597.9,113.7,197.5
2622,109.2,0
2622,109.54,49.375
2622,110.04,98.75
2622,110.62,148.12
2622,111.23,197.5
2646.1,106.87,0
2646.1,107.18,49.375
2646.1,107.65,98.75
2646.1,108.2,148.12
2646.1,108.77,197.5
2670.1,104.54,0
2670.1,104.83,49.375
2670.1,105.27,98.75
2670.1,105.77,148.12
2670.1,106.3,197.5
2694.2,102.2,0
2694.2,102.48,49.375
2694.2,102.88,98.75
2694.2,103.34,148.12
2694.2,103.83,197.5
2718.3,99.51,0
2718.3,99.747,49.375
2718.3,100.1,98.75
2718.3,100.51,148.12
2718.3,100.94,197.5
2742.4,96.685,0
2742.4,96.906,49.375
2742.4,97.236,98.75
2742.4,97.618,148.12
2742.4,98.016,197.5
2766.5,93.861,0
2766.5,94.066,49.375
2766.5,94.372,98.75
2766.5,94.726,148.12
2766.5,95.096,197.5
2790.6,91.036,0
2790.6,91.226,49.375
2790.6,91.508,98.75
2790.6,91.835,148.12
2790.6,92.175,197.5
2814.6,88.212,0
2814.6,88.386,49.375
2814.6,88.644,98.75
2814.6,88.943,148.12
2814.6,89.255,197.5
2838.7,85.388,0
2838.7,85.546,49.375
2838.7,85.78,98.75
2838.7,86.052,148.12
2838.7,86.335,197.5
2862.8,82.563,0
2862.8,82.705,49.375
2862.8,82.916,98.75
2862.8,83.16,148.12
2862.8,83.414,197.5
2886.9,79.6,0
2886.9,79.718,49.375
2886.9,79.892,98.75
2886.9,80.094,148.12
2886.9,80.304,197.5
2911,76.046,0
2911,76.152,49.375
2911,76.309,98.75
2911,76.491,148.12
2911,76.68,197.5
2935.1,72.491,0
2935.1,72.585,49.375
2935.1,72.725,98.75
2935.1,72.887,148.12
2935.1,73.056,197.5
2959.2,68.936,0
2959.2,69.019,49.375
2959.2,69.142,98.75
2959.2,69.284,148.12
2959.2,69.432,197.5
2983.2,65.381,0
2983.2,65.452,49.375
2983.2,65.558,98.75
2983.2,65.68,148.12
2983.2,65.808,197.5
3007.3,61.826,0
3007.3,61.886,49.375
3007.3,61.974,98.75
3007.3,62.077,148.12
3007.3,62.183,197.5
3031.4,57.756,0
3031.4,57.8,49.375
3031.4,57.866,98.75
3031.4,57.942,148.12
3031.4,58.02,197.5
3055.5,52.857,0
3055.5,52.893,49.375
3055.5,52.947,98.75
3055.5,53.01,148.12
3055.5,53.075,197.5
3079.6,47.958,0
3079.6,47.987,49.375
3079.6,48.029,98.75
3079.6,48.078,148.12
3079.6,48.129,197.5
3103.7,43.059,0
3103.7,43.08,49.375
3103.7,43.111,98.75
3103.7,43.146,148.12
3103.7,43.184,197.5
3127.7,37.301,0
3127.7,37.313,49.375
3127.7,37.33,98.75
3127.7,37.349,148.12
3127.7,37.37,197.5
3151.8,29.223,0
3151.8,29.23,49.375
3151.8,29.241,98.75
3151.8,29.253,148.12
3151.8,29.265,197.5
3175.9,21.145,0
3175.9,21.147,49.375
3175.9,21.151,98.75
3175.9,21.156,148.12
3175.9,21.161,197.5
3200,0,0
3200,0,49.375
3200,0,98.75
3200,0,148.12
3200,0,197.5
