815.61,234.11,0
815.61,237.4,49.375
815.61,242.41,98.75
815.61,248.37,148.12
815.61,254.71,197.5
837.68,232.6,0
837.68,235.83,49.375
837.68,240.74,98.75
837.68,246.59,148.12
837.68,252.82,197.5
859.74,231.08,0
859.74,234.25,49.375
859.74,239.06,98.75
859.74,244.81,148.12
859.74,250.93,197.5
881.81,229.57,0
881.81,232.66,49.375
881.81,237.38,98.75
881.81,243.03,148.12
881.81,249.04,197.5
903.87,228.03,0
903.87,231.07,49.375
903.87,235.71,98.75
903.87,241.25,148.12
903.87,247.16,197.5
925.94,226.48,0
925.94,229.47,49.375
925.94,234.03,98.75
925.94,239.47,148.12
925.94,245.27,197.5
948,224.94,0
948,227.87,49.375
948,232.35,98.75
948,237.69,148.12
948,243.38,197.5
970.07,223.39,0
970.07,226.28,49.375
970.07,230.67,98.75
970.07,235.91,148.12
970.07,241.49,197.5
992.13,221.85,0
992.13,224.68,49.375
992.13,228.99,98.75
992.13,234.14,148.12
992.13,239.6,197.5
1014.2,220.31,0
1014.2,223.08,49.375
1014.2,227.32,98.75
1014.2,232.36,148.12
1014.2,237.71,197.5
1036.3,218.76,0
1036.3,221.49,49.375
1036.3,225.64,98.75
1036.3,230.58,148.12
1036.3,235.83,197.5
1058.3,217.22,0
1058.3,219.89,49.375
1058.3,223.96,98.75
1058.3,228.8,148.12
1058.3,233.94,197.5
1080.4,215.67,0
1080.4,218.29,49.375
1080.4,222.28,98.75
1080.4,227.02,148.12
1080.4,232.05,197.5
1102.5,214.13,0
1102.5,216.7,49.375
1102.5,220.6,98.75
1102.5,225.24,148.12
1102.5,230.16,197.5
1124.5,212.58,0
1124.5,215.1,49.375
1124.5,218.93,98.75
1124.5,223.46,148.12
1124.5,228.27,197.5
1146.6,211.04,0
1146.6,213.51,49.375
1146.6,217.25,98.75
1146.6,221.68,148.12
1146.6,226.39,197.5
1168.6,209.49,0
1168.6,211.91,49.375
1168.6,215.57,98.75
1168.6,219.91,148.12
1168.6,224.5,197.5
1190.7,207.95,0
1190.7,210.31,49.375
1190.7,213.89,98.75
1190.7,218.13,148.12
1190.7,222.61,197.5
1212.8,206.4,0
1212.8,208.72,49.375
1212.8,212.22,98.75
1212.8,216.35,148.12
1212.8,220.72,197.5
1234.8,204.86,0
1234.8,207.12,49.375
1234.8,210.54,98.75
1234.8,214.57,148.12
1234.8,218.83,197.5
1256.9,203.31,0
1256.9,205.52,49.375
1256.9,208.86,98.75
1256.9,212.79,148.12
1256.9,216.94,197.5
1279,201.77,0
1279,203.93,49.375
1279,207.18,98.75
1279,211.01,148.12
1279,215.06,197.5
1301,200.23,0
1301,202.33,49.375
1301,205.5,98.75
1301,209.23,148.12
1301,213.17,197.5
1323.1,198.68,0
1323.1,200.73,49.375
1323.1,203.83,98.75
1323.1,207.45,148.12
1323.1,211.28,197.5
1345.2,197.14,0
1345.2,199.14,49.375
1345.2,202.15,98.75
1345.2,205.68,148.12
1345.2,209.39,197.5
1367.2,195.59,0
1367.2,197.54,49.375
1367.2,200.47,98.75
1367.2,203.9,148.12
1367.2,207.5,197.5
1389.3,194.05,0
1389.3,195.94,49.375
1389.3,198.78,98.75
1389.3,202.1,148.12
1389.3,205.61,197.5
1411.4,192.5,0
1411.4,194.31,49.375
1411.4,197.04,98.75
1411.4,200.28,148.12
1411.4,203.72,197.5
1433.4,190.85,0
1433.4,192.62,49.375
1433.4,195.3,98.75
1433.4,198.47,148.12
1433.4,201.83,197.5
1455.5,189.2,0
1455.5,190.93,49.375
1455.5,193.55,98.75
1455.5,196.66,148.12
1455.5,199.94,197.5
1477.5,187.56,0
1477.5,189.25,49.375
1477.5,191.81,98.75
1477.5,194.84,148.12
1477.5,198.05,197.5
1499.6,185.91,0
1499.6,187.56,49.375
1499.6,190.07,98.75
1499.6,193.03,148.12
1499.6,196.16,197.5
1521.7,184.26,0
1521.7,185.88,49.375
1521.7,188.32,98.75
1521.7,191.22,148.12
1521.7,194.27,197.5
1543.7,182.61,0
1543.7,184.19,49.375
1543.7,186.58,98.75
1543.7,189.4,148.12
1543.7,192.38,197.5
1565.8,180.96,0
1565.8,182.51,49.375
1565.8,184.84,98.75
1565.8,187.59,148.12
1565.8,190.49,197.5
1587.9,179.32,0
1587.9,180.82,49.375
1587.9,183.1,98.75
1587.9,185.77,148.12
1587.9,188.6,197.5
1609.9,177.67,0
1609.9,179.14,49.375
1609.9,181.35,98.75
1609.9,183.96,148.12
1609.9,186.71,197.5
1632,176.02,0
1632,177.45,49.375
1632,179.61,98.75
1632,182.15,148.12
1632,184.82,197.5
1654.1,174.37,0
1654.1,175.77,49.375
1654.1,177.87,98.75
1654.1,180.33,148.12
1654.1,182.93,197.5
1676.1,172.72,0
1676.1,174.08,49.375
1676.1,176.12,98.75
1676.1,178.52,148.12
1676.1,181.04,197.5
1698.2,171.08,0
1698.2,172.4,49.375
1698.2,174.38,98.75
1698.2,176.71,148.12
1698.2,179.15,197.5
1720.3,169.43,0
1720.3,170.71,49.375
1720.3,172.64,98.75
1720.3,174.89,148.12
1720.3,177.26,197.5
1742.3,167.78,0
1742.3,169.02,49.375
1742.3,170.89,98.75
1742.3,173.08,148.12
1742.3,175.37,197.5
1764.4,166.13,0
1764.4,167.34,49.375
1764.4,169.15,98.75
1764.4,171.27,148.12
1764.4,173.48,197.5
1786.5,164.48,0
1786.5,165.65,49.375
1786.5,167.41,98.75
1786.5,169.45,148.12
1786.5,171.59,197.5
1808.5,162.84,0
1808.5,163.97,49.375
1808.5,165.66,98.75
1808.5,167.64,148.12
1808.5,169.7,197.5
1830.6,161.19,0
1830.6,162.28,49.375
1830.6,163.92,98.75
1830.6,165.83,148.12
1830.6,167.81,197.5
1852.6,159.52,0
1852.6,160.54,49.375
1852.6,162.07,98.75
1852.6,163.89,148.12
1852.6,165.83,197.5
1874.7,157.69,0
1874.7,158.68,49.375
1874.7,160.17,98.75
1874.7,161.93,148.12
1874.7,163.82,197.5
1896.8,155.85,0
1896.8,156.82,49.375
1896.8,158.27,98.75
1896.8,159.98,148.12
1896.8,161.81,197.5
1918.8,154.02,0
1918.8,154.96,49.375
1918.8,156.36,98.75
1918.8,158.03,148.12
1918.8,159.8,197.5
1940.9,152.19,0
1940.9,153.09,49.375
1940.9,154.46,98.75
1940.9,156.07,148.12
1940.9,157.79,197.5
1963,150.35,0
1963,151.23,49.375
1963,152.56,98.75
1963,154.12,148.12
1963,155.78,197.5
1985,148.52,0
1985,149.37,49.375
1985,150.65,98.75
1985,152.16,148.12
1985,153.76,197.5
2007.1,146.68,0
2007.1,147.51,49.375
2007.1,148.75,98.75
2007.1,150.21,148.12
2007.1,151.75,197.5
2029.2,144.85,0
2029.2,145.65,49.375
2029.2,146.85,98.75
2029.2,148.26,148.12
2029.2,149.74,197.5
2051.2,143.02,0
2051.2,143.79,49.375
2051.2,144.94,98.75
2051.2,146.3,148.12
2051.2,147.73,197.5
2073.3,141.18,0
2073.3,141.93,49.375
2073.3,143.04,98.75
2073.3,144.35,148.12
2073.3,145.72,197.5
2095.4,139.35,0
2095.4,140.07,49.375
2095.4,141.14,98.75
2095.4,142.39,148.12
2095.4,143.71,197.5
2117.4,137.52,0
2117.4,138.2,49.375
2117.4,139.23,98.75
2117.4,140.44,148.12
2117.4,141.7,197.5
2139.5,135.68,0
2139.5,136.34,49.375
2139.5,137.33,98.75
2139.5,138.48,148.12
2139.5,139.69,197.5
2161.5,133.85,0
2161.5,134.48,49.375
2161.5,135.43,98.75
2161.5,136.53,148.12
2161.5,137.68,197.5
2183.6,132.02,0
2183.6,132.62,49.375
2183.6,133.52,98.75
2183.6,134.58,148.12
2183.6,135.67,197.5
2205.7,130.18,0
2205.7,130.76,49.375
2205.7,131.62,98.75
2205.7,132.6,148.12
2205.7,133.64,197.5
2227.7,128.12,0
2227.7,128.65,49.375
2227.7,129.43,98.75
2227.7,130.37,148.12
2227.7,131.37,197.5
2249.8,125.98,0
2249.8,126.48,49.375
2249.8,127.24,98.75
2249.8,128.14,148.12
2249.8,129.1,197.5
2271.9,123.84,0
2271.9,124.32,49.375
2271.9,125.05,98.75
2271.9,125.91,148.12
2271.9,126.82,197.5
2293.9,121.7,0
2293.9,122.16,49.375
2293.9,122.86,98.75
2293.9,123.68,148.12
2293.9,124.55,197.5
2316,119.56,0
2316,120,49.375
2316,120.66,98.75
2316,121.45,148.12
2316,122.28,197.5
2338.1,117.42,0
2338.1,117.84,49.375
2338.1,118.47,98.75
2338.1,119.22,148.12
2338.1,120.01,197.5
2360.1,115.28,0
2360.1,115.68,49.375
2360.1,116.28,98.75
2360.1,116.99,148.12
2360.1,117.74,197.5
2382.2,113.14,0
2382.2,113.52,49.375
2382.2,114.09,98.75
2382.2,114.76,148.12
2382.2,115.47,197.5
2404.3,111,0
2404.3,111.36,49.375
2404.3,111.9,98.75
2404.3,112.53,148.12
2404.3,113.19,197.5
2426.3,108.86,0
2426.3,109.2,49.375
2426.3,109.7,98.75
2426.3,110.3,148.12
2426.3,110.92,197.5
2448.4,106.71,0
2448.4,107.03,49.375
2448.4,107.51,98.75
2448.4,108.07,148.12
2448.4,108.65,197.5
2470.5,104.57,0
2470.5,104.87,49.375
2470.5,105.32,98.75
2470.5,105.84,148.12
2470.5,106.38,197.5
2492.5,102.43,0
2492.5,102.71,49.375
2492.5,103.13,98.75
2492.5,103.61,148.12
2492.5,104.11,197.5
2514.6,100,0
2514.6,100.25,49.375
2514.6,100.61,98.75
2514.6,101.04,148.12
2514.6,101.48,197.5
2536.6,97.412,0
2536.6,97.642,49.375
2536.6,97.985,98.75
2536.6,98.382,148.12
2536.6,98.797,197.5
2558.7,94.822,0
2558.7,95.037,49.375
2558.7,95.357,98.75
2558.7,95.729,148.12
2558.7,96.116,197.5
2580.8,92.231,0
2580.8,92.431,49.375
2580.8,92.729,98.75
2580.8,93.075,148.12
2580.8,93.435,197.5
2602.8,89.64,0
2602.8,89.826,49.375
2602.8,90.102,98.75
2602.8,90.421,148.12
2602.8,90.755,197.5
2624.9,87.05,0
2624.9,87.22,49.375
2624.9,87.474,98.75
2624.9,87.768,148.12
2624.9,88.074,197.5
2647,84.459,0
2647,84.615,49.375
2647,84.846,98.75
2647,85.114,148.12
2647,85.393,197.5
2669,81.868,0
2669,82.009,49.375
2669,82.219,98.75
2669,82.461,148.12
2669,82.713,197.5
2691.1,79.01,0
2691.1,79.128,49.375
2691.1,79.303,98.75
2691.1,79.505,148.12
2691.1,79.717,197.5
2713.2,75.751,0
2713.2,75.858,49.375
2713.2,76.017,98.75
2713.2,76.201,148.12
2713.2,76.393,197.5
2735.2,72.491,0
2735.2,72.588,49.375
2735.2,72.731,98.75
2735.2,72.896,148.12
2735.2,73.068,197.5
2757.3,69.232,0
2757.3,69.318,49.375
2757.3,69.445,98.75
2757.3,69.591,148.12
2757.3,69.744,197.5
2779.4,65.973,0
2779.4,66.048,49.375
2779.4,66.159,98.75
2779.4,66.287,148.12
2779.4,66.42,197.5
2801.4,62.714,0
2801.4,62.778,49.375
2801.4,62.873,98.75
2801.4,62.982,148.12
2801.4,63.096,197.5
2823.5,59.38,0
2823.5,59.428,49.375
2823.5,59.499,98.75
2823.5,59.581,148.12
2823.5,59.666,197.5
2845.5,54.89,0
2845.5,54.931,49.375
2845.5,54.991,98.75
2845.5,55.06,148.12
2845.5,55.132,197.5
2867.6,50.4,0
2867.6,50.433,49.375
2867.6,50.483,98.75
2867.6,50.54,148.12
2867.6,50.599,197.5
2889.7,45.91,0
2889.7,45.936,49.375
2889.7,45.975,98.75
2889.7,46.019,148.12
2889.7,46.066,197.5
2911.7,41.42,0
2911.7,41.439,49.375
2911.7,41.467,98.75
2911.7,41.499,148.12
2911.7,41.532,197.5
2933.8,35.272,0
2933.8,35.282,49.375
2933.8,35.298,98.75
2933.8,35.316,148.12
2933.8,35.335,197.5
2955.9,27.87,0
2955.9,27.876,49.375
2955.9,27.886,98.75
2955.9,27.897,148.12
2955.9,27.908,197.5
2977.9,20.468,0
2977.9,20.47,49.375
2977.9,20.474,98.75
2977.9,20.478,148.12
2977.9,20.482,197.5
3000,0,0
3000,0,49.375
3000,0,98.75
3000,0,148.12
3000,0,197.5
