1000,224.72,-190.5
1000,224.84,-142.58
1000,225.54,-94.668
1000,238.08,-46.751
1000,241.68,1.165
1020.2,223.35,-190.5
1020.2,223.47,-142.58
1020.2,224.15,-94.668
1020.2,236.48,-46.751
1020.2,240.02,1.165
1040.4,221.97,-190.5
1040.4,222.09,-142.58
1040.4,222.76,-94.668
1040.4,234.88,-46.751
1040.4,238.36,1.165
1060.6,220.59,-190.5
1060.6,220.71,-142.58
1060.6,221.37,-94.668
1060.6,233.28,-46.751
1060.6,236.69,1.165
1080.8,219.21,-190.5
1080.8,219.33,-142.58
1080.8,219.98,-94.668
1080.8,231.68,-46.751
1080.8,235.03,1.165
1101,217.83,-190.5
1101,217.95,-142.58
1101,218.59,-94.668
1101,230.08,-46.751
1101,233.37,1.165
1121.2,216.45,-190.5
1121.2,216.56,-142.58
1121.2,217.19,-94.668
1121.2,228.48,-46.751
1121.2,231.71,1.165
1141.4,215.06,-190.5
1141.4,215.17,-142.58
1141.4,215.79,-94.668
1141.4,226.87,-46.751
1141.4,230.04,1.165
1161.6,213.67,-190.5
1161.6,213.78,-142.58
1161.6,214.38,-94.668
1161.6,225.27,-46.751
1161.6,228.38,1.165
1181.8,212.28,-190.5
1181.8,212.38,-142.58
1181.8,212.98,-94.668
1181.8,223.66,-46.751
1181.8,226.72,1.165
1202,210.88,-190.5
1202,210.98,-142.58
1202,211.57,-94.668
1202,222.06,-46.751
1202,225.05,1.165
1222.2,209.48,-190.5
1222.2,209.58,-142.58
1222.2,210.16,-94.668
1222.2,220.45,-46.751
1222.2,223.39,1.165
1242.4,208.08,-190.5
1242.4,208.18,-142.58
1242.4,208.74,-94.668
1242.4,218.84,-46.751
1242.4,221.72,1.165
1262.6,206.67,-190.5
1262.6,206.77,-142.58
1262.6,207.32,-94.668
1262.6,217.23,-46.751
1262.6,220.05,1.165
1282.8,205.26,-190.5
1282.8,205.36,-142.58
1282.8,205.9,-94.668
1282.8,215.62,-46.751
1282.8,218.38,1.165
1303,203.85,-190.5
1303,203.94,-142.58
1303,204.47,-94.668
1303,214,-46.751
1303,216.72,1.165
1323.2,202.43,-190.5
1323.2,202.52,-142.58
1323.2,203.04,-94.668
1323.2,212.39,-46.751
1323.2,215.04,1.165
1343.4,201.01,-190.5
1343.4,201.1,-142.58
1343.4,201.61,-94.668
1343.4,210.77,-46.751
1343.4,213.37,1.165
1363.6,199.58,-190.5
1363.6,199.67,-142.58
1363.6,200.17,-94.668
1363.6,209.15,-46.751
1363.6,211.7,1.165
1383.8,198.15,-190.5
1383.8,198.24,-142.58
1383.8,198.73,-94.668
1383.8,207.53,-46.751
1383.8,210.02,1.165
1404,196.72,-190.5
1404,196.81,-142.58
1404,197.29,-94.668
1404,205.9,-46.751
1404,208.35,1.165
1424.2,195.28,-190.5
1424.2,195.37,-142.58
1424.2,195.84,-94.668
1424.2,204.28,-46.751
1424.2,206.67,1.165
1444.4,193.84,-190.5
1444.4,193.92,-142.58
1444.4,194.39,-94.668
1444.4,202.65,-46.751
1444.4,204.99,1.165
1464.6,192.4,-190.5
1464.6,192.48,-142.58
1464.6,192.93,-94.668
1464.6,201.01,-46.751
1464.6,203.31,1.165
1484.8,190.94,-190.5
1484.8,191.02,-142.58
1484.8,191.47,-94.668
1484.8,199.38,-46.751
1484.8,201.62,1.165
1505.1,189.49,-190.5
1505.1,189.57,-142.58
1505.1,190,-94.668
1505.1,197.74,-46.751
1505.1,199.94,1.165
1525.3,188.03,-190.5
1525.3,188.11,-142.58
1525.3,188.53,-94.668
1525.3,196.1,-46.751
1525.3,198.25,1.165
1545.5,186.56,-190.5
1545.5,186.64,-142.58
1545.5,187.05,-94.668
1545.5,194.46,-46.751
1545.5,196.55,1.165
1565.7,185.09,-190.5
1565.7,185.17,-142.58
1565.7,185.57,-94.668
1565.7,192.81,-46.751
1565.7,194.86,1.165
1585.9,183.62,-190.5
1585.9,183.69,-142.58
1585.9,184.09,-94.668
1585.9,191.16,-46.751
1585.9,193.16,1.165
1606.1,182.14,-190.5
1606.1,182.21,-142.58
1606.1,182.59,-94.668
1606.1,189.51,-46.751
1606.1,191.46,1.165
1626.3,180.65,-190.5
1626.3,180.72,-142.58
1626.3,181.1,-94.668
1626.3,187.85,-46.751
1626.3,189.76,1.165
1646.5,179.16,-190.5
1646.5,179.22,-142.58
1646.5,179.59,-94.668
1646.5,186.19,-46.751
1646.5,188.05,1.165
1666.7,177.66,-190.5
1666.7,177.72,-142.58
1666.7,178.08,-94.668
1666.7,184.52,-46.751
1666.7,186.34,1.165
1686.9,176.15,-190.5
1686.9,176.22,-142.58
1686.9,176.57,-94.668
1686.9,182.85,-46.751
1686.9,184.62,1.165
1707.1,174.64,-190.5
1707.1,174.7,-142.58
1707.1,175.05,-94.668
1707.1,181.18,-46.751
1707.1,182.9,1.165
1727.3,173.12,-190.5
1727.3,173.18,-142.58
1727.3,173.52,-94.668
1727.3,179.5,-46.751
1727.3,181.18,1.165
1747.5,171.6,-190.5
1747.5,171.66,-142.58
1747.5,171.99,-94.668
1747.5,177.81,-46.751
1747.5,179.45,1.165
1767.7,170.07,-190.5
1767.7,170.12,-142.58
1767.7,170.44,-94.668
1767.7,176.12,-46.751
1767.7,177.72,1.165
1787.9,168.53,-190.5
1787.9,168.58,-142.58
1787.9,168.9,-94.668
1787.9,174.43,-46.751
1787.9,175.98,1.165
1808.1,166.98,-190.5
1808.1,167.04,-142.58
1808.1,167.34,-94.668
1808.1,172.73,-46.751
1808.1,174.24,1.165
1828.3,165.43,-190.5
1828.3,165.48,-142.58
1828.3,165.78,-94.668
1828.3,171.02,-46.751
1828.3,172.49,1.165
1848.5,163.87,-190.5
1848.5,163.92,-142.58
1848.5,164.21,-94.668
1848.5,169.31,-46.751
1848.5,170.74,1.165
1868.7,162.3,-190.5
1868.7,162.35,-142.58
1868.7,162.63,-94.668
1868.7,167.59,-46.751
1868.7,168.98,1.165
1888.9,160.72,-190.5
1888.9,160.77,-142.58
1888.9,161.04,-94.668
1888.9,165.87,-46.751
1888.9,167.22,1.165
1909.1,159.13,-190.5
1909.1,159.18,-142.58
1909.1,159.44,-94.668
1909.1,164.13,-46.751
1909.1,165.45,1.165
1929.3,157.54,-190.5
1929.3,157.58,-142.58
1929.3,157.84,-94.668
1929.3,162.39,-46.751
1929.3,163.67,1.165
1949.5,155.93,-190.5
1949.5,155.98,-142.58
1949.5,156.23,-94.668
1949.5,160.65,-46.751
1949.5,161.88,1.165
1969.7,154.32,-190.5
1969.7,154.36,-142.58
1969.7,154.6,-94.668
1969.7,158.89,-46.751
1969.7,160.09,1.165
1989.9,152.69,-190.5
1989.9,152.73,-142.58
1989.9,152.97,-94.668
1989.9,157.13,-46.751
1989.9,158.29,1.165
2010.1,151.06,-190.5
2010.1,151.1,-142.58
2010.1,151.33,-94.668
2010.1,155.36,-46.751
2010.1,156.48,1.165
2030.3,149.41,-190.5
2030.3,149.45,-142.58
2030.3,149.67,-94.668
2030.3,153.58,-46.751
2030.3,154.67,1.165
2050.5,147.75,-190.5
2050.5,147.79,-142.58
2050.5,148.01,-94.668
2050.5,151.79,-46.751
2050.5,152.84,1.165
2070.7,146.08,-190.5
2070.7,146.12,-142.58
2070.7,146.33,-94.668
2070.7,149.99,-46.751
2070.7,151.01,1.165
2090.9,144.4,-190.5
2090.9,144.44,-142.58
2090.9,144.64,-94.668
2090.9,148.18,-46.751
2090.9,149.17,1.165
2111.1,142.71,-190.5
2111.1,142.75,-142.58
2111.1,142.94,-94.668
2111.1,146.36,-46.751
2111.1,147.31,1.165
2131.3,141.01,-190.5
2131.3,141.04,-142.58
2131.3,141.23,-94.668
2131.3,144.53,-46.751
2131.3,145.45,1.165
2151.5,139.29,-190.5
2151.5,139.32,-142.58
2151.5,139.5,-94.668
2151.5,142.69,-46.751
2151.5,143.57,1.165
2171.7,137.55,-190.5
2171.7,137.59,-142.58
2171.7,137.76,-94.668
2171.7,140.83,-46.751
2171.7,141.69,1.165
2191.9,135.81,-190.5
2191.9,135.84,-142.58
2191.9,136.01,-94.668
2191.9,138.96,-46.751
2191.9,139.79,1.165
2212.1,134.04,-190.5
2212.1,134.07,-142.58
2212.1,134.24,-94.668
2212.1,137.08,-46.751
2212.1,137.88,1.165
2232.3,132.27,-190.5
2232.3,132.3,-142.58
2232.3,132.45,-94.668
2232.3,135.19,-46.751
2232.3,135.95,1.165
2252.5,130.47,-190.5
2252.5,130.5,-142.58
2252.5,130.65,-94.668
2252.5,133.28,-46.751
2252.5,134.01,1.165
2272.7,128.66,-190.5
2272.7,128.69,-142.58
2272.7,128.83,-94.668
2272.7,131.36,-46.751
2272.7,132.06,1.165
2292.9,126.83,-190.5
2292.9,126.86,-142.58
2292.9,127,-94.668
2292.9,129.42,-46.751
2292.9,130.09,1.165
2313.1,124.98,-190.5
2313.1,125.01,-142.58
2313.1,125.14,-94.668
2313.1,127.46,-46.751
2313.1,128.11,1.165
2333.3,123.12,-190.5
2333.3,123.14,-142.58
2333.3,123.27,-94.668
2333.3,125.49,-46.751
2333.3,126.1,1.165
2353.5,121.23,-190.5
2353.5,121.25,-142.58
2353.5,121.37,-94.668
2353.5,123.49,-46.751
2353.5,124.08,1.165
2373.7,119.32,-190.5
2373.7,119.34,-142.58
2373.7,119.46,-94.668
2373.7,121.48,-46.751
2373.7,122.04,1.165
2393.9,117.39,-190.5
2393.9,117.41,-142.58
2393.9,117.52,-94.668
2393.9,119.45,-46.751
2393.9,119.98,1.165
2414.1,115.43,-190.5
2414.1,115.45,-142.58
2414.1,115.56,-94.668
2414.1,117.39,-46.751
2414.1,117.9,1.165
2434.3,113.45,-190.5
2434.3,113.47,-142.58
2434.3,113.57,-94.668
2434.3,115.32,-46.751
2434.3,115.8,1.165
2454.5,111.45,-190.5
2454.5,111.46,-142.58
2454.5,111.56,-94.668
2454.5,113.21,-46.751
2454.5,113.67,1.165
2474.7,109.41,-190.5
2474.7,109.43,-142.58
2474.7,109.52,-94.668
2474.7,111.09,-46.751
2474.7,111.52,1.165
2494.9,107.35,-190.5
2494.9,107.36,-142.58
2494.9,107.45,-94.668
2494.9,108.93,-46.751
2494.9,109.34,1.165
2515.2,105.25,-190.5
2515.2,105.26,-142.58
2515.2,105.35,-94.668
2515.2,106.75,-46.751
2515.2,107.13,1.165
2535.4,103.12,-190.5
2535.4,103.14,-142.58
2535.4,103.21,-94.668
2535.4,104.53,-46.751
2535.4,104.89,1.165
2555.6,100.96,-190.5
2555.6,100.97,-142.58
2555.6,101.04,-94.668
2555.6,102.28,-46.751
2555.6,102.62,1.165
2575.8,98.756,-190.5
2575.8,98.768,-142.58
2575.8,98.834,-94.668
2575.8,99.995,-46.751
2575.8,100.31,1.165
2596,96.514,-190.5
2596,96.525,-142.58
2596,96.587,-94.668
2596,97.672,-46.751
2596,97.97,1.165
2616.2,94.228,-190.5
2616.2,94.239,-142.58
2616.2,94.297,-94.668
2616.2,95.307,-46.751
2616.2,95.585,1.165
2636.4,91.896,-190.5
2636.4,91.906,-142.58
2636.4,91.96,-94.668
2636.4,92.898,-46.751
2636.4,93.156,1.165
2656.6,89.514,-190.5
2656.6,89.523,-142.58
2656.6,89.573,-94.668
2656.6,90.441,-46.751
2656.6,90.679,1.165
2676.8,87.078,-190.5
2676.8,87.086,-142.58
2676.8,87.132,-94.668
2676.8,87.932,-46.751
2676.8,88.151,1.165
2697,84.582,-190.5
2697,84.59,-142.58
2697,84.632,-94.668
2697,85.365,-46.751
2697,85.567,1.165
2717.2,82.022,-190.5
2717.2,82.029,-142.58
2717.2,82.067,-94.668
2717.2,82.737,-46.751
2717.2,82.921,1.165
2737.4,79.391,-190.5
2737.4,79.397,-142.58
2737.4,79.432,-94.668
2737.4,80.04,-46.751
2737.4,80.207,1.165
2757.6,76.681,-190.5
2757.6,76.687,-142.58
2757.6,76.719,-94.668
2757.6,77.267,-46.751
2757.6,77.417,1.165
2777.8,73.885,-190.5
2777.8,73.89,-142.58
2777.8,73.918,-94.668
2777.8,74.409,-46.751
2777.8,74.544,1.165
2798,70.992,-190.5
2798,70.996,-142.58
2798,71.021,-94.668
2798,71.457,-46.751
2798,71.577,1.165
2818.2,67.988,-190.5
2818.2,67.992,-142.58
2818.2,68.015,-94.668
2818.2,68.398,-46.751
2818.2,68.503,1.165
2838.4,64.86,-190.5
2838.4,64.864,-142.58
2838.4,64.883,-94.668
2838.4,65.216,-46.751
2838.4,65.307,1.165
2858.6,61.588,-190.5
2858.6,61.591,-142.58
2858.6,61.608,-94.668
2858.6,61.893,-46.751
2858.6,61.971,1.165
2878.8,58.148,-190.5
2878.8,58.15,-142.58
2878.8,58.164,-94.668
2878.8,58.405,-46.751
2878.8,58.47,1.165
2899,54.507,-190.5
2899,54.509,-142.58
2899,54.52,-94.668
2899,54.718,-46.751
2899,54.773,1.165
2919.2,50.622,-190.5
2919.2,50.624,-142.58
2919.2,50.633,-94.668
2919.2,50.792,-46.751
2919.2,50.835,1.165
2939.4,46.432,-190.5
2939.4,46.434,-142.58
2939.4,46.441,-94.668
2939.4,46.563,-46.751
2939.4,46.597,1.165
2959.6,41.846,-190.5
2959.6,41.847,-142.58
2959.6,41.852,-94.668
2959.6,41.942,-46.751
2959.6,41.967,1.165
2979.8,36.715,-190.5
2979.8,36.716,-142.58
2979.8,36.719,-94.668
2979.8,36.78,-46.751
2979.8,36.797,1.165
3000,30.768,-190.5
3000,30.768,-142.58
3000,30.77,-94.668
3000,30.806,-46.751
3000,30.816,1.165
