1135.5,215.42,0
1135.5,217.63,44.75
1135.5,221.2,89.5
1135.5,225.81,134.25
1135.5,231.54,179
1154.8,214.04,0
1154.8,216.22,44.75
1154.8,219.73,89.5
1154.8,224.26,134.25
1154.8,229.89,179
1174.1,212.67,0
1174.1,214.8,44.75
1174.1,218.26,89.5
1174.1,222.71,134.25
1174.1,228.24,179
1193.5,211.29,0
1193.5,213.39,44.75
1193.5,216.79,89.5
1193.5,221.16,134.25
1193.5,226.6,179
1212.8,209.92,0
1212.8,211.98,44.75
1212.8,215.31,89.5
1212.8,219.61,134.25
1212.8,224.95,179
1232.1,208.54,0
1232.1,210.56,44.75
1232.1,213.84,89.5
1232.1,218.06,134.25
1232.1,223.3,179
1251.4,207.16,0
1251.4,209.15,44.75
1251.4,212.37,89.5
1251.4,216.51,134.25
1251.4,221.65,179
1270.7,205.79,0
1270.7,207.74,44.75
1270.7,210.9,89.5
1270.7,214.96,134.25
1270.7,220.01,179
1290,204.41,0
1290,206.32,44.75
1290,209.42,89.5
1290,213.41,134.25
1290,218.36,179
1309.4,203.03,0
1309.4,204.91,44.75
1309.4,207.95,89.5
1309.4,211.86,134.25
1309.4,216.71,179
1328.7,201.66,0
1328.7,203.5,44.75
1328.7,206.48,89.5
1328.7,210.31,134.25
1328.7,215.06,179
1348,200.28,0
1348,202.09,44.75
1348,205.01,89.5
1348,208.76,134.25
1348,213.42,179
1367.3,198.9,0
1367.3,200.67,44.75
1367.3,203.53,89.5
1367.3,207.21,134.25
1367.3,211.77,179
1386.6,197.53,0
1386.6,199.26,44.75
1386.6,202.06,89.5
1386.6,205.66,134.25
1386.6,210.12,179
1406,196.15,0
1406,197.85,44.75
1406,200.59,89.5
1406,204.11,134.25
1406,208.47,179
1425.3,194.77,0
1425.3,196.43,44.75
1425.3,199.11,89.5
1425.3,202.56,134.25
1425.3,206.83,179
1444.6,193.4,0
1444.6,195.02,44.75
1444.6,197.64,89.5
1444.6,201.01,134.25
1444.6,205.18,179
1463.9,192.02,0
1463.9,193.61,44.75
1463.9,196.17,89.5
1463.9,199.46,134.25
1463.9,203.53,179
1483.2,190.64,0
1483.2,192.19,44.75
1483.2,194.7,89.5
1483.2,197.91,134.25
1483.2,201.89,179
1502.5,189.27,0
1502.5,190.78,44.75
1502.5,193.22,89.5
1502.5,196.36,134.25
1502.5,200.24,179
1521.9,187.89,0
1521.9,189.37,44.75
1521.9,191.75,89.5
1521.9,194.81,134.25
1521.9,198.59,179
1541.2,186.51,0
1541.2,187.96,44.75
1541.2,190.28,89.5
1541.2,193.26,134.25
1541.2,196.94,179
1560.5,185.14,0
1560.5,186.54,44.75
1560.5,188.81,89.5
1560.5,191.71,134.25
1560.5,195.3,179
1579.8,183.76,0
1579.8,185.13,44.75
1579.8,187.33,89.5
1579.8,190.16,134.25
1579.8,193.65,179
1599.1,182.33,0
1599.1,183.67,44.75
1599.1,185.83,89.5
1599.1,188.59,134.25
1599.1,191.99,179
1618.5,180.85,0
1618.5,182.17,44.75
1618.5,184.28,89.5
1618.5,186.98,134.25
1618.5,190.32,179
1637.8,179.38,0
1637.8,180.66,44.75
1637.8,182.73,89.5
1637.8,185.38,134.25
1637.8,188.64,179
1657.1,177.91,0
1657.1,179.16,44.75
1657.1,181.19,89.5
1657.1,183.77,134.25
1657.1,186.97,179
1676.4,176.43,0
1676.4,177.66,44.75
1676.4,179.64,89.5
1676.4,182.17,134.25
1676.4,185.29,179
1695.7,174.96,0
1695.7,176.16,44.75
1695.7,178.09,89.5
1695.7,180.56,134.25
1695.7,183.61,179
1715,173.49,0
1715,174.66,44.75
1715,176.55,89.5
1715,178.96,134.25
1715,181.94,179
1734.4,172.01,0
1734.4,173.16,44.75
1734.4,175,89.5
1734.4,177.35,134.25
1734.4,180.26,179
1753.7,170.54,0
1753.7,171.65,44.75
1753.7,173.45,89.5
1753.7,175.75,134.25
1753.7,178.58,179
1773,169.06,0
1773,170.15,44.75
1773,171.9,89.5
1773,174.14,134.25
1773,176.91,179
1792.3,167.59,0
1792.3,168.65,44.75
1792.3,170.36,89.5
1792.3,172.54,134.25
1792.3,175.23,179
1811.6,166.12,0
1811.6,167.15,44.75
1811.6,168.81,89.5
1811.6,170.93,134.25
1811.6,173.55,179
1831,164.64,0
1831,165.65,44.75
1831,167.26,89.5
1831,169.33,134.25
1831,171.88,179
1850.3,163.17,0
1850.3,164.15,44.75
1850.3,165.72,89.5
1850.3,167.72,134.25
1850.3,170.2,179
1869.6,161.7,0
1869.6,162.64,44.75
1869.6,164.17,89.5
1869.6,166.12,134.25
1869.6,168.53,179
1888.9,160.22,0
1888.9,161.14,44.75
1888.9,162.62,89.5
1888.9,164.51,134.25
1888.9,166.85,179
1908.2,158.75,0
1908.2,159.64,44.75
1908.2,161.08,89.5
1908.2,162.91,134.25
1908.2,165.17,179
1927.5,157.28,0
1927.5,158.14,44.75
1927.5,159.53,89.5
1927.5,161.3,134.25
1927.5,163.5,179
1946.9,155.8,0
1946.9,156.64,44.75
1946.9,157.98,89.5
1946.9,159.7,134.25
1946.9,161.82,179
1966.2,154.33,0
1966.2,155.14,44.75
1966.2,156.43,89.5
1966.2,158.09,134.25
1966.2,160.14,179
1985.5,152.73,0
1985.5,153.52,44.75
1985.5,154.79,89.5
1985.5,156.41,134.25
1985.5,158.41,179
2004.8,151.09,0
2004.8,151.86,44.75
2004.8,153.09,89.5
2004.8,154.67,134.25
2004.8,156.62,179
2024.1,149.45,0
2024.1,150.2,44.75
2024.1,151.4,89.5
2024.1,152.93,134.25
2024.1,154.82,179
2043.5,147.82,0
2043.5,148.54,44.75
2043.5,149.71,89.5
2043.5,151.19,134.25
2043.5,153.03,179
2062.8,146.18,0
2062.8,146.89,44.75
2062.8,148.02,89.5
2062.8,149.46,134.25
2062.8,151.24,179
2082.1,144.55,0
2082.1,145.23,44.75
2082.1,146.33,89.5
2082.1,147.72,134.25
2082.1,149.45,179
2101.4,142.91,0
2101.4,143.57,44.75
2101.4,144.63,89.5
2101.4,145.98,134.25
2101.4,147.65,179
2120.7,141.28,0
2120.7,141.92,44.75
2120.7,142.94,89.5
2120.7,144.25,134.25
2120.7,145.86,179
2140,139.64,0
2140,140.26,44.75
2140,141.25,89.5
2140,142.51,134.25
2140,144.07,179
2159.4,138.01,0
2159.4,138.6,44.75
2159.4,139.56,89.5
2159.4,140.77,134.25
2159.4,142.28,179
2178.7,136.37,0
2178.7,136.94,44.75
2178.7,137.86,89.5
2178.7,139.04,134.25
2178.7,140.48,179
2198,134.74,0
2198,135.29,44.75
2198,136.17,89.5
2198,137.3,134.25
2198,138.69,179
2217.3,133.1,0
2217.3,133.63,44.75
2217.3,134.48,89.5
2217.3,135.56,134.25
2217.3,136.9,179
2236.6,131.46,0
2236.6,131.97,44.75
2236.6,132.79,89.5
2236.6,133.82,134.25
2236.6,135.11,179
2256,129.83,0
2256,130.32,44.75
2256,131.1,89.5
2256,132.09,134.25
2256,133.32,179
2275.3,128.19,0
2275.3,128.66,44.75
2275.3,129.4,89.5
2275.3,130.35,134.25
2275.3,131.52,179
2294.6,126.48,0
2294.6,126.93,44.75
2294.6,127.64,89.5
2294.6,128.55,134.25
2294.6,129.67,179
2313.9,124.59,0
2313.9,125.02,44.75
2313.9,125.71,89.5
2313.9,126.58,134.25
2313.9,127.66,179
2333.2,122.7,0
2333.2,123.12,44.75
2333.2,123.78,89.5
2333.2,124.62,134.25
2333.2,125.66,179
2352.5,120.81,0
2352.5,121.21,44.75
2352.5,121.85,89.5
2352.5,122.65,134.25
2352.5,123.65,179
2371.9,118.92,0
2371.9,119.3,44.75
2371.9,119.91,89.5
2371.9,120.69,134.25
2371.9,121.64,179
2391.2,117.03,0
2391.2,117.4,44.75
2391.2,117.98,89.5
2391.2,118.72,134.25
2391.2,119.63,179
2410.5,115.14,0
2410.5,115.49,44.75
2410.5,116.05,89.5
2410.5,116.75,134.25
2410.5,117.62,179
2429.8,113.25,0
2429.8,113.59,44.75
2429.8,114.12,89.5
2429.8,114.79,134.25
2429.8,115.62,179
2449.1,111.36,0
2449.1,111.68,44.75
2449.1,112.18,89.5
2449.1,112.82,134.25
2449.1,113.61,179
2468.5,109.47,0
2468.5,109.77,44.75
2468.5,110.25,89.5
2468.5,110.86,134.25
2468.5,111.6,179
2487.8,107.58,0
2487.8,107.87,44.75
2487.8,108.32,89.5
2487.8,108.89,134.25
2487.8,109.59,179
2507.1,105.69,0
2507.1,105.96,44.75
2507.1,106.39,89.5
2507.1,106.93,134.25
2507.1,107.59,179
2526.4,103.8,0
2526.4,104.05,44.75
2526.4,104.45,89.5
2526.4,104.96,134.25
2526.4,105.58,179
2545.7,101.91,0
2545.7,102.15,44.75
2545.7,102.52,89.5
2545.7,102.98,134.25
2545.7,103.53,179
2565,99.699,0
2565,99.908,44.75
2565,100.24,89.5
2565,100.66,134.25
2565,101.18,179
2584.4,97.431,0
2584.4,97.629,44.75
2584.4,97.945,89.5
2584.4,98.343,134.25
2584.4,98.832,179
2603.7,95.163,0
2603.7,95.35,44.75
2603.7,95.648,89.5
2603.7,96.024,134.25
2603.7,96.484,179
2623,92.895,0
2623,93.071,44.75
2623,93.351,89.5
2623,93.704,134.25
2623,94.137,179
2642.3,90.627,0
2642.3,90.791,44.75
2642.3,91.054,89.5
2642.3,91.384,134.25
2642.3,91.789,179
2661.6,88.359,0
2661.6,88.512,44.75
2661.6,88.756,89.5
2661.6,89.064,134.25
2661.6,89.441,179
2681,86.091,0
2681,86.233,44.75
2681,86.459,89.5
2681,86.745,134.25
2681,87.094,179
2700.3,83.823,0
2700.3,83.954,44.75
2700.3,84.162,89.5
2700.3,84.425,134.25
2700.3,84.746,179
2719.6,81.555,0
2719.6,81.675,44.75
2719.6,81.865,89.5
2719.6,82.105,134.25
2719.6,82.398,179
2738.9,79.026,0
2738.9,79.128,44.75
2738.9,79.289,89.5
2738.9,79.493,134.25
2738.9,79.742,179
2758.2,76.173,0
2758.2,76.267,44.75
2758.2,76.415,89.5
2758.2,76.602,134.25
2758.2,76.831,179
2777.5,73.32,0
2777.5,73.405,44.75
2777.5,73.541,89.5
2777.5,73.712,134.25
2777.5,73.921,179
2796.9,70.467,0
2796.9,70.544,44.75
2796.9,70.667,89.5
2796.9,70.821,134.25
2796.9,71.01,179
2816.2,67.614,0
2816.2,67.683,44.75
2816.2,67.793,89.5
2816.2,67.931,134.25
2816.2,68.1,179
2835.5,64.761,0
2835.5,64.822,44.75
2835.5,64.919,89.5
2835.5,65.04,134.25
2835.5,65.189,179
2854.8,61.908,0
2854.8,61.961,44.75
2854.8,62.044,89.5
2854.8,62.15,134.25
2854.8,62.279,179
2874.1,58.834,0
2874.1,58.874,44.75
2874.1,58.938,89.5
2874.1,59.019,134.25
2874.1,59.117,179
2893.5,54.903,0
2893.5,54.938,44.75
2893.5,54.994,89.5
2893.5,55.063,134.25
2893.5,55.148,179
2912.8,50.973,0
2912.8,51.002,44.75
2912.8,51.049,89.5
2912.8,51.108,134.25
2912.8,51.179,179
2932.1,47.042,0
2932.1,47.066,44.75
2932.1,47.104,89.5
2932.1,47.152,134.25
2932.1,47.21,179
2951.4,43.112,0
2951.4,43.13,44.75
2951.4,43.16,89.5
2951.4,43.196,134.25
2951.4,43.241,179
2970.7,38.986,0
2970.7,38.996,44.75
2970.7,39.014,89.5
2970.7,39.035,134.25
2970.7,39.062,179
2990,32.506,0
2990,32.513,44.75
2990,32.526,89.5
2990,32.541,134.25
2990,32.56,179
3009.4,26.026,0
3009.4,26.03,44.75
3009.4,26.038,89.5
3009.4,26.047,134.25
3009.4,26.058,179
3028.7,19.474,0
3028.7,19.475,44.75
3028.7,19.477,89.5
3028.7,19.48,134.25
3028.7,19.483,179
3048,0,0
3048,0,44.75
3048,0,89.5
3048,0,134.25
3048,0,179
