M1890-RL 98 702 0 4.85 8.823 CTI 
0.01 63.45
0.02 359.96
0.03 580.32
0.04 763.76
0.05 1020.27
0.06 1255.24
0.07 1439.45
0.08 1570.59
0.09 1651.35
0.1 1679.42
0.2 1949.78
0.3 1946.7
0.4 1985.16
0.5 2014
0.6 2106.3
0.7 2056.3
0.8 2078.22
0.9 2094.76
1 2123.99
1.1 2126.68
1.2 2129.75
1.3 2162.44
1.4 2187.44
1.5 2198.59
1.6 2226.67
1.7 2240.13
1.8 2233.59
1.9 2224.36
2 2226.28
2.1 2226.28
2.2 2197.44
2.3 2207.44
2.4 2176.29
2.6 2168.21
2.8 2123.6
3 2063.99
3.2 2030.15
3.4 1908.63
3.6 1834.02
3.8 1765.18
4 1701.73
4.2 1619.43
4.4 1571.74
4.6 1505.21
4.8 1517.13
4.9 1477.14
5 1212.94
5.1 624.16
5.2 266.89
5.3 94.99
5.365 0