SFT01 98 700 0 2.15 8.6 ERT
  0.0        30.2071
  0.02       124.2299
  0.04       313.955
  0.06       582.337
  0.1        1173.597
  0.14       1657.603
  0.16       1777.366
  0.18       1943.571
  0.24       2093.81
  0.26       2035.66
  0.28       2051.36
  0.3        1963.362
  0.32       2019.19
  0.34       2014.16
  0.48       1850.381
  0.84       1739.911
  1.4        1648.88
  1.54       1710.679
  1.6        1642.1
  1.72       1690.881
  1.78       1656.254
  1.88       1654.455
  1.98       1568.25
  2.32       1562.788
  2.4        1498.201
  2.52       1502.007
  2.58       1475.268
  2.66       1494.349
  2.9        1439.424
  2.96       1467.637
  3.14       1393.015
  3.32       1417.718
  3.38       1358.168
  3.54       1363.583
  3.6        1330.168
  3.7        1353.279
  3.78       1241.13
  3.84       1058.33
  3.9        923.983
  4.04       740.971
  4.26       600.727
  4.62       509.68
  5.92       324.925
  6.2        303.0
  6.26       320.533
  6.44       273.129
  6.68       287.97
  7.6        190.0086
  8.78       161.6046
  8.82       91.5645
  8.84       44.0774
  8.841      0.0