SFT03 98 700 0 2.15 8.6 ERT
  0.0        142.3198
  0.02       356.9
  0.08       1231.304
  0.1        1447.383
  0.14       1675.64
  0.18       1743.924
  0.72       1596.724
  1.06       1574.563
  1.7        1429.891
  1.9        1431.868
  1.96       1546.665
  2.06       1623.567
  2.22       1546.32
  2.28       1410.824
  2.32       1381.034
  2.96       1295.442
  3.0        1323.379
  3.04       1441.608
  3.08       1462.315
  3.14       1615.661
  3.2        1567.64
  3.3        1590.719
  3.38       1455.922
  3.46       1637.056
  3.48       1638.07
  3.56       1436.583
  3.6        1453.328
  3.64       1538.46
  3.68       1513.528
  3.74       1318.247
  3.82       1213.594
  4.62       1100.036
  4.9        716.487
  5.1        585.491
  5.44       499.744
  6.24       418.55
  6.48       340.745
  7.7        286.832
  7.84       151.9875
  8.0        142.7794
  9.0	     0.0