SFT13 98 700 0 0.83 6.83 ERT
  0.0        4.19807
  0.04       19.33021
  0.08       105.2494
  0.1        234.027
  0.12       448.574
  0.2        1705.038
  0.22       1923.324
  0.26       2112.79
  0.32       2138.3
  0.56       1955.81
  0.9        1769.617
  1.24       1674.09
  1.5        1685.697
  1.66       1628.485
  1.78       1760.525
  1.82       1869.676
  1.9        1894.216
  1.92       1842.808
  2.18       1840.09
  2.26       1787.234
  2.32       1665.808
  2.38       1636.017
  2.54       1642.138
  2.76       1566.778
  2.84       1599.661
  2.88       1564.402
  2.92       1565.945
  2.94       1622.397
  2.98       1643.586
  3.12       1530.636
  3.22       1534.497
  3.28       1605.843
  3.44       1374.002
  3.58       1100.688
  3.72       934.389
  3.94       769.122
  4.2        645.289
  4.42       611.527
  4.64       520.58
  6.14       270.555
  6.34       285.398
  6.94       177.3675
  8.22       102.7465
  9.14       41.6634
  9.34       88.3104
  9.36       59.3152
  9.38       99.1802
  9.42       37.6878
  9.48       83.2584
  9.52       66.4309
  9.56       0.0