SFT12 98 700 0 0.830 6.830 ERT //mass of ABS 2.2kg but only 0.830 is used. mass of CS: 6kg
  0.0        351.244
  0.01       1041.089
  0.02       1333.209
  0.032      1741.097
  0.042      1910.15
  0.048      2129.72
  0.052      2235.2
  0.059      2388.25
  0.071      2593.82
  0.08       2839.58
  0.087      2908.43
  0.096      3083.43
  0.1        3073.32
  0.106      3010.69
  0.119      3100.39
  0.122      3133.79
  0.129      3302.45
  0.132      3277.5
  0.135      3176.0
  0.138      3049.88
  0.141      3017.6
  0.148      3043.51
  0.167      3199.04
  0.176      3063.74
  0.186      3111.56
  0.196      3055.19
  0.199      3075.87
  0.212      3026.27
  0.221      3043.37
  0.247      2946.03
  0.269      2963.88
  0.285      2853.28
  0.289      2854.03
  0.305      2960.98
  0.318      2839.92
  0.33       2881.45
  0.349      2736.29
  0.423      2691.12
  0.568      2343.68
  0.785      2127.92
  0.829      2058.66
  0.881      2047.14
  1.07       1902.278
  1.281      1858.418
  1.374      1873.289
  1.396      1837.861
  1.476      1803.385
  1.502      1816.316
  1.515      1864.884
  1.54       1805.698
  1.591      1819.806
  1.623      1768.656
  1.691      1782.048
  1.71       1752.668
  1.729      1783.095
  1.745      1745.562
  1.793      1716.314
  1.828      1605.352
  1.851      1571.059
  1.921      1334.736
  1.963      1251.615
  2.199      983.438
  2.295      966.519
  2.702      779.385
  3.003      679.745
  3.618      517.371
  4.533      338.19
  5.804      164.9795
  7.465      39.6237
  10.237     0.0