1131,215.55,0
1131,217.39,43
1131,219.81,86
1131,222.3,129
1131,224.39,172
1150.3,214.18,0
1150.3,215.99,43
1150.3,218.37,86
1150.3,220.81,129
1150.3,222.87,172
1169.7,212.8,0
1169.7,214.58,43
1169.7,216.92,86
1169.7,219.32,129
1169.7,221.34,172
1189.1,211.42,0
1189.1,213.17,43
1189.1,215.47,86
1189.1,217.83,129
1189.1,219.82,172
1208.4,210.05,0
1208.4,211.77,43
1208.4,214.03,86
1208.4,216.35,129
1208.4,218.3,172
1227.8,208.67,0
1227.8,210.36,43
1227.8,212.58,86
1227.8,214.86,129
1227.8,216.77,172
1247.2,207.29,0
1247.2,208.95,43
1247.2,211.13,86
1247.2,213.37,129
1247.2,215.25,172
1266.5,205.92,0
1266.5,207.55,43
1266.5,209.69,86
1266.5,211.88,129
1266.5,213.73,172
1285.9,204.54,0
1285.9,206.14,43
1285.9,208.24,86
1285.9,210.39,129
1285.9,212.2,172
1305.3,203.17,0
1305.3,204.73,43
1305.3,206.79,86
1305.3,208.9,129
1305.3,210.68,172
1324.6,201.79,0
1324.6,203.33,43
1324.6,205.35,86
1324.6,207.42,129
1324.6,209.16,172
1344,200.41,0
1344,201.92,43
1344,203.9,86
1344,205.93,129
1344,207.63,172
1363.3,199.04,0
1363.3,200.51,43
1363.3,202.45,86
1363.3,204.44,129
1363.3,206.11,172
1382.7,197.66,0
1382.7,199.11,43
1382.7,201,86
1382.7,202.95,129
1382.7,204.59,172
1402.1,196.28,0
1402.1,197.7,43
1402.1,199.56,86
1402.1,201.46,129
1402.1,203.06,172
1421.4,194.91,0
1421.4,196.29,43
1421.4,198.11,86
1421.4,199.97,129
1421.4,201.54,172
1440.8,193.53,0
1440.8,194.89,43
1440.8,196.66,86
1440.8,198.48,129
1440.8,200.02,172
1460.2,192.16,0
1460.2,193.48,43
1460.2,195.22,86
1460.2,197,129
1460.2,198.49,172
1479.5,190.78,0
1479.5,192.07,43
1479.5,193.77,86
1479.5,195.51,129
1479.5,196.97,172
1498.9,189.4,0
1498.9,190.67,43
1498.9,192.32,86
1498.9,194.02,129
1498.9,195.45,172
1518.3,188.03,0
1518.3,189.26,43
1518.3,190.88,86
1518.3,192.53,129
1518.3,193.92,172
1537.6,186.65,0
1537.6,187.85,43
1537.6,189.43,86
1537.6,191.04,129
1537.6,192.4,172
1557,185.27,0
1557,186.45,43
1557,187.98,86
1557,189.55,129
1557,190.88,172
1576.4,183.9,0
1576.4,185.04,43
1576.4,186.54,86
1576.4,188.07,129
1576.4,189.35,172
1595.7,182.47,0
1595.7,183.59,43
1595.7,185.05,86
1595.7,186.55,129
1595.7,187.81,172
1615.1,180.99,0
1615.1,182.09,43
1615.1,183.52,86
1615.1,184.99,129
1615.1,186.22,172
1634.4,179.52,0
1634.4,180.59,43
1634.4,181.99,86
1634.4,183.43,129
1634.4,184.63,172
1653.8,178.04,0
1653.8,179.09,43
1653.8,180.47,86
1653.8,181.87,129
1653.8,183.05,172
1673.2,176.57,0
1673.2,177.6,43
1673.2,178.94,86
1673.2,180.31,129
1673.2,181.46,172
1692.5,175.1,0
1692.5,176.1,43
1692.5,177.41,86
1692.5,178.75,129
1692.5,179.88,172
1711.9,173.62,0
1711.9,174.6,43
1711.9,175.88,86
1711.9,177.19,129
1711.9,178.29,172
1731.3,172.15,0
1731.3,173.1,43
1731.3,174.35,86
1731.3,175.63,129
1731.3,176.7,172
1750.6,170.67,0
1750.6,171.61,43
1750.6,172.83,86
1750.6,174.07,129
1750.6,175.12,172
1770,169.2,0
1770,170.11,43
1770,171.3,86
1770,172.51,129
1770,173.53,172
1789.4,167.73,0
1789.4,168.61,43
1789.4,169.77,86
1789.4,170.95,129
1789.4,171.95,172
1808.7,166.25,0
1808.7,167.11,43
1808.7,168.24,86
1808.7,169.39,129
1808.7,170.36,172
1828.1,164.78,0
1828.1,165.62,43
1828.1,166.71,86
1828.1,167.83,129
1828.1,168.77,172
1847.4,163.3,0
1847.4,164.12,43
1847.4,165.18,86
1847.4,166.27,129
1847.4,167.19,172
1866.8,161.83,0
1866.8,162.62,43
1866.8,163.66,86
1866.8,164.71,129
1866.8,165.6,172
1886.2,160.36,0
1886.2,161.12,43
1886.2,162.13,86
1886.2,163.15,129
1886.2,164.02,172
1905.5,158.88,0
1905.5,159.63,43
1905.5,160.6,86
1905.5,161.59,129
1905.5,162.43,172
1924.9,157.41,0
1924.9,158.13,43
1924.9,159.07,86
1924.9,160.03,129
1924.9,160.84,172
1944.3,155.93,0
1944.3,156.63,43
1944.3,157.54,86
1944.3,158.48,129
1944.3,159.26,172
1963.6,154.46,0
1963.6,155.13,43
1963.6,156.02,86
1963.6,156.92,129
1963.6,157.67,172
1983,152.86,0
1983,153.52,43
1983,154.39,86
1983,155.27,129
1983,156.01,172
2002.4,151.23,0
2002.4,151.87,43
2002.4,152.71,86
2002.4,153.56,129
2002.4,154.28,172
2021.7,149.59,0
2021.7,150.21,43
2021.7,151.03,86
2021.7,151.86,129
2021.7,152.56,172
2041.1,147.95,0
2041.1,148.56,43
2041.1,149.35,86
2041.1,150.16,129
2041.1,150.84,172
2060.4,146.32,0
2060.4,146.9,43
2060.4,147.67,86
2060.4,148.45,129
2060.4,149.11,172
2079.8,144.68,0
2079.8,145.25,43
2079.8,145.99,86
2079.8,146.75,129
2079.8,147.39,172
2099.2,143.04,0
2099.2,143.59,43
2099.2,144.31,86
2099.2,145.05,129
2099.2,145.67,172
2118.5,141.41,0
2118.5,141.94,43
2118.5,142.63,86
2118.5,143.34,129
2118.5,143.94,172
2137.9,139.77,0
2137.9,140.28,43
2137.9,140.96,86
2137.9,141.64,129
2137.9,142.22,172
2157.3,138.13,0
2157.3,138.63,43
2157.3,139.28,86
2157.3,139.94,129
2157.3,140.5,172
2176.6,136.5,0
2176.6,136.97,43
2176.6,137.6,86
2176.6,138.24,129
2176.6,138.77,172
2196,134.86,0
2196,135.32,43
2196,135.92,86
2196,136.53,129
2196,137.05,172
2215.4,133.22,0
2215.4,133.66,43
2215.4,134.24,86
2215.4,134.83,129
2215.4,135.33,172
2234.7,131.59,0
2234.7,132.01,43
2234.7,132.56,86
2234.7,133.13,129
2234.7,133.6,172
2254.1,129.95,0
2254.1,130.35,43
2254.1,130.88,86
2254.1,131.42,129
2254.1,131.88,172
2273.4,128.31,0
2273.4,128.7,43
2273.4,129.21,86
2273.4,129.72,129
2273.4,130.16,172
2292.8,126.61,0
2292.8,126.99,43
2292.8,127.47,86
2292.8,127.96,129
2292.8,128.38,172
2312.2,124.72,0
2312.2,125.08,43
2312.2,125.55,86
2312.2,126.02,129
2312.2,126.42,172
2331.5,122.83,0
2331.5,123.17,43
2331.5,123.62,86
2331.5,124.08,129
2331.5,124.47,172
2350.9,120.94,0
2350.9,121.27,43
2350.9,121.7,86
2350.9,122.14,129
2350.9,122.51,172
2370.3,119.04,0
2370.3,119.36,43
2370.3,119.78,86
2370.3,120.2,129
2370.3,120.55,172
2389.6,117.15,0
2389.6,117.45,43
2389.6,117.85,86
2389.6,118.25,129
2389.6,118.59,172
2409,115.26,0
2409,115.55,43
2409,115.93,86
2409,116.31,129
2409,116.64,172
2428.4,113.37,0
2428.4,113.64,43
2428.4,114,86
2428.4,114.37,129
2428.4,114.68,172
2447.7,111.47,0
2447.7,111.74,43
2447.7,112.08,86
2447.7,112.43,129
2447.7,112.72,172
2467.1,109.58,0
2467.1,109.83,43
2467.1,110.16,86
2467.1,110.49,129
2467.1,110.76,172
2486.4,107.69,0
2486.4,107.92,43
2486.4,108.23,86
2486.4,108.54,129
2486.4,108.81,172
2505.8,105.79,0
2505.8,106.02,43
2505.8,106.31,86
2505.8,106.6,129
2505.8,106.85,172
2525.2,103.9,0
2525.2,104.11,43
2525.2,104.38,86
2525.2,104.66,129
2525.2,104.89,172
2544.5,102.01,0
2544.5,102.21,43
2544.5,102.46,86
2544.5,102.72,129
2544.5,102.94,172
2563.9,99.815,0
2563.9,99.989,43
2563.9,100.22,86
2563.9,100.45,129
2563.9,100.64,172
2583.3,97.542,0
2583.3,97.707,43
2583.3,97.922,86
2583.3,98.14,129
2583.3,98.323,172
2602.6,95.27,0
2602.6,95.426,43
2602.6,95.628,86
2602.6,95.834,129
2602.6,96.007,172
2622,92.997,0
2622,93.144,43
2622,93.334,86
2622,93.528,129
2622,93.69,172
2641.4,90.725,0
2641.4,90.862,43
2641.4,91.041,86
2641.4,91.221,129
2641.4,91.373,172
2660.7,88.452,0
2660.7,88.58,43
2660.7,88.747,86
2660.7,88.915,129
2660.7,89.057,172
2680.1,86.18,0
2680.1,86.299,43
2680.1,86.453,86
2680.1,86.609,129
2680.1,86.74,172
2699.5,83.908,0
2699.5,84.017,43
2699.5,84.159,86
2699.5,84.303,129
2699.5,84.424,172
2718.8,81.635,0
2718.8,81.735,43
2718.8,81.865,86
2718.8,81.997,129
2718.8,82.107,172
2738.2,79.125,0
2738.2,79.21,43
2738.2,79.32,86
2738.2,79.431,129
2738.2,79.525,172
2757.5,76.266,0
2757.5,76.344,43
2757.5,76.445,86
2757.5,76.547,129
2757.5,76.634,172
2776.9,73.407,0
2776.9,73.478,43
2776.9,73.57,86
2776.9,73.664,129
2776.9,73.742,172
2796.3,70.548,0
2796.3,70.612,43
2796.3,70.696,86
2796.3,70.78,129
2796.3,70.851,172
2815.6,67.689,0
2815.6,67.746,43
2815.6,67.821,86
2815.6,67.897,129
2815.6,67.96,172
2835,64.829,0
2835,64.88,43
2835,64.946,86
2835,65.013,129
2835,65.069,172
2854.4,61.97,0
2854.4,62.014,43
2854.4,62.072,86
2854.4,62.129,129
2854.4,62.178,172
2873.7,58.913,0
2873.7,58.947,43
2873.7,58.991,86
2873.7,59.035,129
2873.7,59.072,172
2893.1,54.974,0
2893.1,55.003,43
2893.1,55.041,86
2893.1,55.079,129
2893.1,55.111,172
2912.5,51.035,0
2912.5,51.06,43
2912.5,51.091,86
2912.5,51.124,129
2912.5,51.151,172
2931.8,47.096,0
2931.8,47.116,43
2931.8,47.142,86
2931.8,47.168,129
2931.8,47.19,172
2951.2,43.156,0
2951.2,43.172,43
2951.2,43.192,86
2951.2,43.212,129
2951.2,43.229,172
2970.5,39.046,0
2970.5,39.055,43
2970.5,39.067,86
2970.5,39.078,129
2970.5,39.088,172
2989.9,32.551,0
2989.9,32.557,43
2989.9,32.566,86
2989.9,32.574,129
2989.9,32.581,172
3009.3,26.056,0
3009.3,26.06,43
3009.3,26.065,86
3009.3,26.07,129
3009.3,26.074,172
3028.6,19.499,0
3028.6,19.5,43
3028.6,19.502,86
3028.6,19.503,129
3028.6,19.504,172
3048,0,0
3048,0,43
3048,0,86
3048,0,129
3048,0,172
