234.84,130.27,0
234.84,130.84,43
234.84,131.59,86
234.84,132.35,129
234.84,132.99,172
251.06,128.8,0
251.06,129.35,43
251.06,130.08,86
251.06,130.81,129
251.06,131.43,172
267.29,127.33,0
267.29,127.87,43
267.29,128.56,86
267.29,129.27,129
267.29,129.88,172
283.52,125.86,0
283.52,126.38,43
283.52,127.05,86
283.52,127.74,129
283.52,128.32,172
299.75,124.39,0
299.75,124.89,43
299.75,125.54,86
299.75,126.2,129
299.75,126.76,172
315.98,122.92,0
315.98,123.4,43
315.98,124.03,86
315.98,124.66,129
315.98,125.2,172
332.2,121.39,0
332.2,121.85,43
332.2,122.45,86
332.2,123.06,129
332.2,123.58,172
348.43,119.86,0
348.43,120.3,43
348.43,120.88,86
348.43,121.47,129
348.43,121.97,172
364.66,118.32,0
364.66,118.75,43
364.66,119.31,86
364.66,119.87,129
364.66,120.35,172
380.89,116.79,0
380.89,117.2,43
380.89,117.74,86
380.89,118.28,129
380.89,118.74,172
397.12,115.23,0
397.12,115.63,43
397.12,116.14,86
397.12,116.65,129
397.12,117.09,172
413.34,113.63,0
413.34,114,43
413.34,114.49,86
413.34,114.99,129
413.34,115.41,172
429.57,112.02,0
429.57,112.38,43
429.57,112.85,86
429.57,113.33,129
429.57,113.73,172
445.8,110.41,0
445.8,110.76,43
445.8,111.21,86
445.8,111.66,129
445.8,112.05,172
462.03,108.81,0
462.03,109.14,43
462.03,109.56,86
462.03,110,129
462.03,110.36,172
478.25,107.12,0
478.25,107.44,43
478.25,107.84,86
478.25,108.26,129
478.25,108.6,172
494.48,105.43,0
494.48,105.73,43
494.48,106.12,86
494.48,106.52,129
494.48,106.85,172
510.71,103.74,0
510.71,104.03,43
510.71,104.4,86
510.71,104.78,129
510.71,105.09,172
526.94,102.05,0
526.94,102.33,43
526.94,102.68,86
526.94,103.04,129
526.94,103.33,172
543.17,100.19,0
543.17,100.44,43
543.17,100.76,86
543.17,101.09,129
543.17,101.37,172
559.39,98.284,0
559.39,98.524,43
559.39,98.834,86
559.39,99.147,129
559.39,99.412,172
575.62,96.38,0
575.62,96.608,43
575.62,96.903,86
575.62,97.202,129
575.62,97.455,172
591.85,94.475,0
591.85,94.692,43
591.85,94.973,86
591.85,95.257,129
591.85,95.497,172
608.08,92.57,0
608.08,92.776,43
608.08,93.043,86
608.08,93.312,129
608.08,93.54,172
624.3,90.665,0
624.3,90.86,43
624.3,91.112,86
624.3,91.367,129
624.3,91.582,172
640.53,88.76,0
640.53,88.945,43
640.53,89.182,86
640.53,89.422,129
640.53,89.625,172
656.76,86.855,0
656.76,87.029,43
656.76,87.251,86
656.76,87.477,129
656.76,87.667,172
672.99,84.95,0
672.99,85.113,43
672.99,85.321,86
672.99,85.532,129
672.99,85.71,172
689.22,83.046,0
689.22,83.197,43
689.22,83.391,86
689.22,83.587,129
689.22,83.752,172
705.44,81.141,0
705.44,81.281,43
705.44,81.46,86
705.44,81.642,129
705.44,81.795,172
721.67,78.947,0
721.67,79.067,43
721.67,79.222,86
721.67,79.378,129
721.67,79.51,172
737.9,76.549,0
737.9,76.661,43
737.9,76.806,86
737.9,76.952,129
737.9,77.075,172
754.13,74.152,0
754.13,74.256,43
754.13,74.39,86
754.13,74.525,129
754.13,74.639,172
770.35,71.754,0
770.35,71.85,43
770.35,71.973,86
770.35,72.098,129
770.35,72.203,172
786.58,69.356,0
786.58,69.444,43
786.58,69.557,86
786.58,69.671,129
786.58,69.767,172
802.81,66.959,0
802.81,67.038,43
802.81,67.141,86
802.81,67.245,129
802.81,67.332,172
819.04,64.561,0
819.04,64.633,43
819.04,64.725,86
819.04,64.818,129
819.04,64.896,172
835.27,62.163,0
835.27,62.227,43
835.27,62.309,86
835.27,62.391,129
835.27,62.46,172
851.49,59.766,0
851.49,59.821,43
851.49,59.892,86
851.49,59.964,129
851.49,60.024,172
867.72,56.497,0
867.72,56.541,43
867.72,56.597,86
867.72,56.655,129
867.72,56.703,172
883.95,53.193,0
883.95,53.232,43
883.95,53.281,86
883.95,53.331,129
883.95,53.374,172
900.18,49.89,0
900.18,49.923,43
900.18,49.965,86
900.18,50.008,129
900.18,50.045,172
916.41,46.586,0
916.41,46.614,43
916.41,46.649,86
916.41,46.685,129
916.41,46.715,172
932.63,43.283,0
932.63,43.305,43
932.63,43.333,86
932.63,43.362,129
932.63,43.386,172
948.86,39.979,0
948.86,39.996,43
948.86,40.018,86
948.86,40.039,129
948.86,40.057,172
965.09,34.847,0
965.09,34.857,43
965.09,34.871,86
965.09,34.884,129
965.09,34.896,172
981.32,29.401,0
981.32,29.409,43
981.32,29.418,86
981.32,29.428,129
981.32,29.436,172
997.54,23.956,0
997.54,23.96,43
997.54,23.966,86
997.54,23.972,129
997.54,23.976,172
1013.8,17.754,0
1013.8,17.755,43
1013.8,17.757,86
1013.8,17.759,129
1013.8,17.76,172
1030,0,0
1030,0,43
1030,0,86
1030,0,129
1030,0,172
