Temperature_Ground 301
Pressure_Ground 94312
Humidity_Ground 0.5
Start_Altitude 668
Start_Latitude -34.4
Start_Longitude -48
dTdh -9.5
V_inf 3.26
V_Azimuth 90
Turb_I 0.326
Turb_model None
Rail_Length 5.7
Rail_Angle 5.3
Rail_Azimuth 84.7
multilayerwind 30 0	3.433064727668904	138.24578070761726	0.3174758894651901 50	3.70371461802903	137.14024273342525	0.3454351382202391 100	3.9743645083891552	136.0347047592332	0.37353214713053573 150	4.245014398749281	134.92916678504122	0.40173801296348716 200	4.515664289109405	133.8236288108492	0.4300313163909623 250	4.78631417946953	132.71809083665715	0.45839586711839736 300	5.0569640698296565	131.6125528624651	0.4868192116203932  350	5.3276139601897805	130.50701488827315	0.515291620843348 400	5.598263850549907	129.40147691408112	0.5438053880913823 450	5.868913740910032	128.29593893988908	0.5723543322280907 500	6.139563631270156	127.19040096569704	0.600933439758929 550	6.410213521630283	126.08486299150502	0.6295386027225996 600	6.680863411990407	124.97932501731297	0.6581664238720617 650	6.935748775111264	123.9661476608455	0.683188706971246 700	7.025997864189698	123.88806295462457	0.6637567234898907  750	7.116246953268129	123.80997824840365	0.6446586235708388 800	7.206496042346562	123.7318935421827	0.6259249701295538 850	7.296745131424994	123.65380883596178	0.6075894747609921 900	7.386994220503427	123.57572412974082	0.5896892790022683 950	7.4772433095818585	123.4976394235199	0.5722652322317974 1000	7.567492398660292	123.41955471729895	0.5553621526478308 1050	7.657741487738724	123.34147001107803	0.5390290525446407 1100	7.747990576817155	123.26338530485711	0.5233193028180163 1150	7.838239665895588	123.18530059863618	0.5082907044575156 1200	7.928488754974021	123.10721589241525	0.4940054271919708 1250	8.018737844052453	123.0291311861943	0.4805297683531653 1300	8.108986933130884	122.95104647997339	0.4679336798876456 1350	8.199236022209316	122.87296177375245	0.45629001040353834 1400	8.289485111287751	122.79487706753153	0.4456734148860013 1450	8.379734200366183	122.71679236131058	0.43615890017224224 1500	8.469983289444615	122.63870765508963	0.4278200018512361